ID	block	trial_n	dim_onset	angle_correct	angle_chosen	choice	acc	tResp_1	conf_rating	tResp_2	x1	x2	x3	y1	y2	y3
02CS03	1	1	2.0000	-40.9662	NaN	NaN	NaN	NaN	NaN	NaN	-30.5557	-18.5653	-27.5290	19.5471	16.1194	7.4492
02CS03	1	2	5.0000	-39.5598	-39.5598	3.0000	1.0000	3.1939	0.7287	1.4077	-28.4107	-29.8417	-18.3976	7.7646	20.1530	15.1980
02CS03	1	3	8.0000	-38.8576	-38.8576	2.0000	1.0000	2.9487	0.8387	1.3289	-31.1516	-26.6667	-18.8317	9.8483	21.4847	11.7825
02CS03	1	4	5.0000	-15.1422	NaN	NaN	NaN	NaN	NaN	NaN	-30.7203	-18.6254	-27.3043	19.3827	16.3441	7.3889
02CS03	1	5	5.0000	-43.5176	NaN	NaN	NaN	NaN	NaN	NaN	-21.0785	-22.8987	-32.6729	20.0150	7.6778	15.4228
02CS03	1	6	2.0000	-16.4581	-16.4581	1.0000	1.0000	2.7052	0.7890	1.6204	-24.5252	-32.2343	-19.8905	7.2452	17.0477	18.8227
02CS03	1	7	2.0000	-43.4456	-43.4456	2.0000	1.0000	2.2464	0.8156	1.2318	-32.2663	-19.9450	-24.4386	16.9663	18.8912	7.2582
02CS03	1	8	5.0000	-34.5563	NaN	NaN	NaN	NaN	NaN	NaN	-27.6661	-18.5319	-30.4519	21.2539	12.7635	9.0982
02CS03	1	9	5.0000	-40.9702	NaN	NaN	NaN	NaN	NaN	NaN	-27.5261	-30.5579	-18.5660	7.4484	19.5450	16.1222
02CS03	1	10	5.0000	-23.1913	NaN	NaN	NaN	NaN	NaN	NaN	-21.6557	-32.7417	-22.2526	8.3160	14.0272	20.7724
02CS03	1	11	5.0000	-43.1911	NaN	NaN	NaN	NaN	NaN	NaN	-31.9983	-19.5519	-25.0997	17.5749	18.3548	7.1860
02CS03	1	12	5.0000	-43.2651	-28.5267	1.0000	0.0000	3.1506	0.5851	1.9591	-32.0679	-19.6420	-24.9401	17.4308	18.4871	7.1978
02CS03	1	13	5.0000	-41.8027	-31.5424	2.0000	0.0000	2.9456	0.8121	1.8824	-26.8585	-31.0273	-18.7642	7.2918	19.0451	16.7787
02CS03	2	1	8.0000	-37.0857	-37.0857	1.0000	1.0000	1.6840	0.8209	1.4275	-27.9793	-18.4656	-30.2051	21.1497	13.0869	8.8791
02CS03	2	2	2.0000	-37.8063	-16.8029	2.0000	0.0000	2.7295	0.5780	1.2483	-18.5808	-30.6007	-27.4685	12.5635	9.2406	21.3116
02CS03	2	3	5.0000	-31.8002	-31.8002	1.0000	1.0000	4.1441	0.4433	1.9849	-18.8653	-31.2088	-26.5759	11.6971	9.9202	21.4984
02CS03	2	4	8.0000	-24.0902	NaN	NaN	NaN	NaN	NaN	NaN	-20.5520	-32.5373	-23.5606	9.1892	12.6349	21.2916
02CS03	2	5	5.0000	-42.5856	-42.5856	1.0000	1.0000	3.7724	0.7908	3.5229	-22.9370	-21.0462	-32.6668	21.0810	8.7544	13.2802
02CS03	2	6	8.0000	-15.2116	NaN	NaN	NaN	NaN	NaN	NaN	-31.1046	-18.8054	-26.7400	18.9529	16.8918	7.2709
02CS03	2	7	8.0000	-43.5217	NaN	NaN	NaN	NaN	NaN	NaN	-20.1607	-24.1098	-32.3795	19.1464	7.3174	16.6519
02CS03	2	8	8.0000	-36.5537	-36.5537	1.0000	1.0000	2.6064	0.7748	2.0389	-28.3380	-18.4071	-29.9049	21.0102	13.4672	8.6382
02CS03	2	9	8.0000	-43.5684	-25.9148	1.0000	0.0000	3.9316	0.6082	1.5969	-32.5988	-20.7545	-23.2966	15.8396	19.7425	7.5336
02CS03	3	1	8.0000	-32.1621	-17.4948	1.0000	0.0000	2.3634	0.8174	1.9150	-31.1194	-26.7170	-18.8136	9.8088	21.4767	11.8302
02CS03	3	2	2.0000	-40.5190	-40.5190	3.0000	1.0000	3.1659	0.7518	2.2124	-27.8356	-30.3201	-18.4943	7.5443	19.7651	15.8063
02CS03	3	3	8.0000	-15.1468	NaN	NaN	NaN	NaN	NaN	NaN	-18.6509	-27.2156	-30.7834	16.4318	7.3672	19.3167
02CS03	3	4	2.0000	-43.5747	-43.5747	1.0000	1.0000	2.2062	0.8457	1.4220	-20.5273	-23.5938	-32.5289	19.5306	7.4427	16.1423
02CS03	3	5	2.0000	-15.1419	-15.1419	3.0000	1.0000	3.0564	0.8422	2.4550	-30.7138	-18.6228	-27.3134	19.3894	16.3351	7.3912
02CS03	3	6	5.0000	-18.1857	-25.6273	3.0000	0.0000	2.4525	0.8014	2.2922	-20.8964	-23.1189	-32.6347	19.8658	7.5947	15.6551
