ID	block	trial_n	dim_onset	angle_correct	angle_chosen	choice	acc	tResp_1	conf_rating	tResp_2	x1	x2	x3	y1	y2	y3
04AL03	1	1	2.0000	-27.2881	-27.2881	2.0000	1.0000	2.3541	0.8812	1.1134	-24.1556	-32.3645	-20.1299	7.3082	16.6961	19.1113
04AL03	1	2	5.0000	-26.4419	-17.4676	3.0000	0.0000	3.1813	0.5248	1.2959	-32.5210	-20.5045	-23.6245	16.1732	19.5083	7.4341
04AL03	1	3	8.0000	-24.4692	-43.3882	3.0000	0.0000	2.0484	0.5053	1.8955	-22.4127	-32.7310	-21.5064	7.8913	14.8951	20.3291
04AL03	1	4	2.0000	-15.4120	-15.4120	2.0000	1.0000	2.0914	0.5443	1.6189	-18.3632	-28.7656	-29.5212	14.8081	7.9298	20.3777
04AL03	1	5	8.0000	-17.3194	-43.5679	3.0000	0.0000	2.3857	0.5195	2.0384	-23.7401	-32.4901	-20.4198	7.4031	16.2889	19.4237
04AL03	1	6	5.0000	-42.8017	-29.8020	2.0000	0.0000	1.9540	0.5106	2.3747	-25.7524	-31.6817	-19.2159	7.1747	18.1457	17.7952
04AL03	2	1	2.0000	-40.1021	-40.1021	2.0000	1.0000	3.0552	0.4734	1.7561	-31.7526	-25.6152	-19.2823	10.7156	21.5716	10.8284
04AL03	2	2	5.0000	-43.5538	-43.5538	2.0000	1.0000	1.9862	0.4823	1.2585	-32.6316	-20.8829	-23.1356	15.6725	19.8544	7.5888
04AL03	2	3	5.0000	-15.3963	-30.3923	2.0000	0.0000	2.5559	0.5301	1.7559	-26.1284	-31.4760	-19.0456	7.1951	18.4612	17.4593
04AL03	2	4	8.0000	-36.8440	-36.1271	2.0000	0.0000	1.4209	0.5000	2.9076	-29.6599	-28.6148	-18.3753	8.4601	20.8870	13.7685
04AL03	2	5	5.0000	-40.5040	-28.3628	2.0000	0.0000	1.9305	0.7305	1.3143	-25.2464	-19.4720	-31.9316	21.5655	10.5121	11.0380
04AL03	2	6	8.0000	-15.2996	-15.2996	3.0000	1.0000	2.1273	0.7606	1.1670	-31.3161	-18.9328	-26.4012	18.6838	17.2095	7.2224
04AL03	3	1	8.0000	-21.2038	-21.2038	1.0000	1.0000	2.0691	0.7766	1.8258	-21.5736	-32.7364	-22.3400	8.3695	13.9294	20.8167
04AL03	3	2	2.0000	-16.9495	-33.6462	3.0000	0.0000	2.3396	0.7589	2.1391	-30.7223	-27.3015	-18.6262	9.3632	21.3556	12.3968
04AL03	3	3	2.0000	-40.3318	-18.8842	1.0000	0.0000	2.9455	0.4521	2.7663	-31.8559	-25.4064	-19.3876	10.8969	21.5704	10.6483
04AL03	3	4	2.0000	-17.5817	-38.9056	3.0000	0.0000	2.5277	0.5621	2.1010	-18.8458	-31.1759	-26.6283	11.7463	9.8786	21.4907
04AL03	3	5	5.0000	-18.9241	NaN	NaN	NaN	NaN	NaN	NaN	-21.2745	-22.6708	-32.7047	20.1650	7.7726	15.1781
04AL03	3	6	8.0000	-16.1495	-36.0658	2.0000	0.0000	2.3443	0.4521	2.8344	-28.2858	-18.4144	-29.9498	21.0319	13.4112	8.6726
04AL03	3	7	5.0000	-27.1756	-40.9807	3.0000	0.0000	1.5697	0.4982	1.6419	-19.7320	-32.1323	-24.7856	10.1303	11.4542	21.5312
