ID	block	trial_n	dim_onset	angle_correct	angle_chosen	choice	acc	tResp_1	conf_rating	tResp_2	x1	x2	x3	y1	y2	y3
02al03	1	1	8.0000	-18.9095	-28.7199	2.0000	0.0000	5.0570	0.6383	4.1777	-25.3844	-19.3991	-31.8665	21.5700	10.6294	10.9162
02al03	1	2	8.0000	-18.7072	NaN	NaN	NaN	NaN	NaN	NaN	-21.1656	-22.7963	-32.6882	20.0830	7.7193	15.3134
02al03	1	3	5.0000	-43.4084	-24.5697	2.0000	0.0000	9.1019	0.4521	2.6102	-22.4733	-32.7258	-21.4510	7.8624	14.9621	20.2912
02al03	1	4	2.0000	-25.4390	NaN	NaN	NaN	NaN	NaN	NaN	-24.1029	-20.1654	-32.3817	21.4249	9.5921	12.0986
02al03	1	5	2.0000	-20.7469	NaN	NaN	NaN	NaN	NaN	NaN	-32.4422	-23.9075	-20.3003	12.2893	21.3820	9.4443
02al03	1	6	8.0000	-26.8597	NaN	NaN	NaN	NaN	NaN	NaN	-20.3154	-23.8861	-32.4486	19.3154	7.3668	16.4334
02al03	1	7	8.0000	-26.9996	NaN	NaN	NaN	NaN	NaN	NaN	-20.2539	-23.9739	-32.4222	19.2495	7.3465	16.5196
02al03	1	8	2.0000	-36.2802	NaN	NaN	NaN	NaN	NaN	NaN	-18.3852	-29.7482	-28.5166	13.6608	8.5225	20.9323
02al03	1	9	2.0000	-16.6115	NaN	NaN	NaN	NaN	NaN	NaN	-18.5255	-30.4304	-27.6941	12.7921	9.0784	21.2452
02al03	1	10	8.0000	-18.8766	NaN	NaN	NaN	NaN	NaN	NaN	-32.7014	-21.2508	-22.6979	15.2074	20.1474	7.7609
02al03	1	11	8.0000	-43.5591	NaN	NaN	NaN	NaN	NaN	NaN	-32.4608	-20.3451	-23.8441	16.3920	19.3467	7.3769
02al03	1	12	2.0000	-18.9913	NaN	NaN	NaN	NaN	NaN	NaN	-25.3134	-19.4363	-31.9003	21.5680	10.5689	10.9787
02al03	1	13	2.0000	-31.6947	NaN	NaN	NaN	NaN	NaN	NaN	-26.9548	-30.9631	-18.7320	7.3103	19.1193	16.6861
02al03	1	14	8.0000	-37.5003	NaN	NaN	NaN	NaN	NaN	NaN	-30.4343	-27.6891	-18.5266	9.0819	21.2468	12.7869
02al03	1	15	8.0000	-40.1274	-33.4979	2.0000	0.0000	5.1318	0.7801	4.0810	-28.0824	-30.1208	-18.4468	7.6319	19.9349	15.5488
02al03	1	16	2.0000	-42.6965	-42.6965	1.0000	1.0000	2.1455	0.9220	1.5988	-22.7790	-21.1804	-32.6906	21.0173	8.6494	13.4489
02al03	2	1	5.0000	-32.8562	-32.8562	1.0000	1.0000	3.0417	0.9096	1.6017	-30.4381	-18.5278	-27.6841	19.6583	15.9619	7.4954
02al03	2	2	2.0000	-36.6713	NaN	NaN	NaN	NaN	NaN	NaN	-29.7263	-28.5411	-18.3826	8.5068	20.9212	13.6876
02al03	2	3	5.0000	-19.8869	-19.8869	1.0000	1.0000	3.3414	0.5408	3.9212	-32.2174	-24.5699	-19.8627	11.6542	21.5049	9.9566
02al03	2	4	2.0000	-42.8641	-42.8641	1.0000	1.0000	2.1248	0.8546	2.0536	-19.2593	-25.6621	-31.7286	17.8744	7.1727	18.0685
02al03	2	5	5.0000	-43.5464	-17.0611	2.0000	0.0000	8.0223	0.3333	1.4403	-20.2683	-23.9532	-32.4285	19.2651	7.3512	16.4994
02al03	2	6	8.0000	-42.5759	NaN	NaN	NaN	NaN	NaN	NaN	-22.9505	-21.0349	-32.6646	21.0862	8.7635	13.2659
02al03	3	1	5.0000	-43.4892	-43.4892	1.0000	1.0000	3.8837	0.7057	2.2118	-21.1937	-22.7636	-32.6927	20.1044	7.7329	15.2783
02al03	3	2	2.0000	-17.8818	NaN	NaN	NaN	NaN	NaN	NaN	-23.3230	-32.5931	-20.7339	7.5249	15.8667	19.7240
02al03	3	3	8.0000	-16.3486	-16.3486	2.0000	1.0000	2.5707	0.8865	2.5410	-18.4578	-30.1709	-28.0213	13.1308	8.8504	21.1345
02al03	3	4	2.0000	-21.4801	-42.2521	1.0000	0.0000	7.3949	0.4628	1.8178	-23.3777	-20.6914	-32.5810	21.2363	9.0583	12.8209
02al03	3	5	5.0000	-22.0420	-22.0420	1.0000	1.0000	4.7820	0.6755	5.0809	-32.6577	-22.9916	-21.0007	13.2224	21.1020	8.7912
02al03	3	6	8.0000	-36.1015	-36.6101	2.0000	0.0000	2.1089	0.9131	1.5362	-29.9370	-28.3007	-18.4122	8.6627	21.0257	13.4272
