ID	block	trial_n	dim_onset	angle_correct	angle_chosen	choice	acc	tResp_1	conf_rating	tResp_2	x1	x2	x3	y1	y2	y3
03CS01	1	1	2.0000	-42.0220	-15.2307	3.0000	0.0000	36.8869	0.7713	5.9671	-31.1599	-18.8365	-26.6537	18.8851	16.9735	7.2570
03CS01	1	2	8.0000	-15.9303	NaN	NaN	NaN	NaN	NaN	NaN	-18.3768	-29.6737	-28.5995	13.7517	8.4698	20.8942
03CS01	1	3	2.0000	-33.3007	-38.2159	1.0000	0.0000	2.8808	0.9344	1.5293	-27.1644	-18.6662	-30.8194	21.3885	12.2617	9.4654
03CS01	1	4	2.0000	-27.2119	NaN	NaN	NaN	NaN	NaN	NaN	-19.7237	-32.1266	-24.7998	10.1418	11.4412	21.5327
03CS01	1	5	5.0000	-16.1582	-36.6506	2.0000	0.0000	4.1072	0.4840	1.4692	-29.9600	-28.2738	-18.4161	8.6805	21.0368	13.3983
03CS01	1	6	8.0000	-16.0986	NaN	NaN	NaN	NaN	NaN	NaN	-29.8891	-28.3563	-18.4046	8.6263	21.0025	13.4869
03CS01	1	7	8.0000	-32.8957	-15.1515	1.0000	0.0000	3.9393	0.5355	2.8062	-27.7088	-30.4191	-18.5221	7.5031	19.6758	15.9367
03CS01	1	8	2.0000	-35.7895	-35.7895	1.0000	1.0000	6.1819	0.7252	2.7452	-28.8272	-18.3594	-29.4634	20.7828	14.0045	8.3283
03CS01	1	9	8.0000	-25.0831	NaN	NaN	NaN	NaN	NaN	NaN	-23.9610	-20.2629	-32.4261	21.3943	9.4845	12.2368
03CS01	1	10	8.0000	-41.5803	-15.1614	1.0000	0.0000	2.1826	0.8138	1.0793	-27.0520	-30.8972	-18.7008	7.3303	19.1935	16.5919
03CS01	2	1	2.0000	-16.0776	-36.3039	2.0000	0.0000	2.3662	0.6294	3.7458	-28.3857	-18.4007	-29.8636	20.9899	13.5186	8.6071
03CS01	2	2	8.0000	-36.8133	-36.8133	2.0000	1.0000	2.5693	0.7199	1.5922	-30.0522	-28.1649	-18.4329	8.7531	21.0803	13.2823
03CS01	2	3	2.0000	-19.8636	-41.1760	2.0000	0.0000	2.3730	0.4557	1.6054	-32.2103	-24.5885	-19.8512	11.6368	21.5074	9.9714
03CS01	2	4	2.0000	-15.6603	NaN	NaN	NaN	NaN	NaN	NaN	-18.3512	-29.2644	-29.0344	14.2390	8.2040	20.6726
03CS01	2	5	5.0000	-43.3184	NaN	NaN	NaN	NaN	NaN	NaN	-21.6800	-22.2270	-32.7431	20.4434	7.9846	14.6877
03CS01	2	6	5.0000	-23.0514	-21.8339	1.0000	0.0000	2.0767	0.7677	2.3848	-32.6321	-23.1327	-20.8852	13.0743	21.1539	8.8874
03CS01	2	7	2.0000	-41.7212	-41.7212	1.0000	1.0000	1.7346	0.9539	1.4604	-18.7399	-26.9309	-30.9792	16.7091	7.3055	19.1010
03CS01	2	8	5.0000	-15.7612	-15.7612	3.0000	1.0000	1.8925	0.8422	1.1688	-31.8518	-19.3832	-25.4149	17.8543	18.0882	7.1731
03CS01	3	1	5.0000	-22.5701	NaN	NaN	NaN	NaN	NaN	NaN	-22.9305	-21.0516	-32.6678	21.0785	8.7501	13.2871
03CS01	3	2	5.0000	-31.5295	-15.1904	2.0000	0.0000	2.2410	0.5390	1.3371	-18.7670	-26.8504	-31.0327	16.7865	7.2903	19.0388
03CS01	3	3	8.0000	-33.0272	-38.3582	3.0000	0.0000	1.8169	0.8174	1.3110	-18.6994	-30.8942	-27.0564	12.1562	9.5469	21.4125
03CS01	3	4	5.0000	-37.4262	-37.4262	1.0000	1.0000	2.7586	0.5603	1.4693	-27.7417	-18.5147	-30.3937	21.2302	12.8407	9.0447
03CS01	3	5	8.0000	-27.0550	-43.5385	1.0000	0.0000	3.0575	0.3333	1.7711	-20.2298	-24.0087	-32.4115	19.2232	7.3388	16.5537
03CS01	3	6	8.0000	-15.2739	-15.2739	1.0000	1.0000	1.9140	1.0000	1.4809	-26.4872	-31.2637	-18.8991	7.2331	18.7529	17.1296
03CS01	3	7	5.0000	-30.7357	-42.3205	1.0000	0.0000	1.7979	0.7872	1.7305	-18.9545	-26.3469	-31.3486	17.2597	7.2161	18.6399
