ID	block	trial_n	dim_onset	angle_correct	angle_chosen	choice	acc	tResp_1	conf_rating	tResp_2	x1	x2	x3	y1	y2	y3
06AL01	1	1	2.0000	-23.8816	-42.1736	2.0000	0.0000	3.1950	0.3333	2.1006	-32.5582	-23.4755	-20.6163	12.7211	21.2665	9.1280
06AL01	1	2	5.0000	-42.7165	-42.7165	2.0000	1.0000	3.4163	0.4344	3.5297	-31.6193	-19.1609	-25.8698	18.2453	17.6914	7.1790
06AL01	1	3	5.0000	-30.2187	-30.2187	1.0000	1.0000	2.5803	0.3333	1.2972	-31.5382	-19.0938	-26.0179	18.3695	17.5590	7.1871
06AL01	1	4	2.0000	-16.1734	-16.1734	1.0000	1.0000	2.4344	0.3333	0.9054	-24.8471	-32.1070	-19.6958	7.2063	17.3460	18.5634
06AL01	1	5	5.0000	-17.7361	-26.1229	3.0000	0.0000	1.7947	0.5816	1.8841	-20.6543	-23.4257	-32.5699	19.6513	7.4924	15.9720
06AL01	1	6	8.0000	-16.4140	-16.4140	1.0000	1.0000	2.7978	0.4202	1.6469	-30.2387	-27.9377	-18.4736	8.9078	21.1644	13.0434
06AL01	2	1	2.0000	-21.0162	-21.0162	3.0000	1.0000	2.3816	0.7181	3.6472	-23.7094	-20.4421	-32.4985	21.3326	9.2975	12.4855
06AL01	2	2	5.0000	-35.6524	-16.2775	2.0000	0.0000	2.6391	0.3333	1.7393	-18.4414	-30.0947	-28.1139	13.2283	8.7875	21.0999
06AL01	2	3	8.0000	-16.5270	-16.5270	3.0000	1.0000	2.9935	0.3333	1.1184	-32.2610	-19.9358	-24.4532	16.9800	18.8797	7.2559
06AL01	2	4	5.0000	-33.3961	NaN	NaN	NaN	NaN	NaN	NaN	-30.7929	-27.2022	-18.6549	9.4371	21.3797	12.2988
06AL01	2	5	8.0000	-42.6262	-42.6262	3.0000	1.0000	1.9654	0.4025	1.2467	-21.0943	-32.6758	-22.8799	8.7162	13.3410	21.0585
06AL01	2	6	2.0000	-39.7960	-39.7960	1.0000	1.0000	3.3140	0.3972	1.8484	-25.8857	-19.1536	-31.6108	21.5640	11.0665	10.4851
06AL01	2	7	5.0000	-39.3458	-39.3458	2.0000	1.0000	1.5429	0.6933	3.3024	-29.7391	-18.3841	-28.5268	20.2278	15.0718	7.8161
06AL01	3	1	8.0000	-24.9994	NaN	NaN	NaN	NaN	NaN	NaN	-32.4362	-23.9275	-20.2862	12.2696	21.3867	9.4594
06AL01	3	2	8.0000	-40.5770	-40.5770	3.0000	1.0000	1.8319	0.8032	2.0296	-19.5092	-31.9633	-25.1775	10.4541	11.0993	21.5622
06AL01	3	3	2.0000	-29.6826	-29.6826	1.0000	1.0000	1.8320	0.6773	2.6134	-31.7213	-19.2524	-25.6763	18.0807	17.8619	7.1730
06AL01	3	4	2.0000	-22.4175	-22.4175	1.0000	1.0000	2.2433	0.5461	2.0690	-32.6955	-22.7429	-21.2116	13.4878	21.0021	8.6257
06AL01	3	5	5.0000	-16.3087	-43.3655	3.0000	0.0000	1.5016	0.8333	3.2438	-24.6887	-32.1712	-19.7900	7.2236	17.2001	18.6919
06AL01	3	6	8.0000	-24.3756	-24.3756	3.0000	1.0000	1.4746	0.8032	1.4540	-21.5584	-22.3563	-32.7352	20.3641	7.9189	14.8325
06AL01	3	7	8.0000	-37.5972	-37.5972	1.0000	1.0000	3.4983	0.3333	0.8307	-18.3540	-29.3549	-28.9412	14.1330	8.2593	20.7232
