ID	block	trial_n	dim_onset	angle_correct	angle_chosen	choice	acc	tResp_1	conf_rating	tResp_2	x1	x2	x3	y1	y2	y3
07CS02	1	1	5.0000	-29.6245	-29.6245	2.0000	1.0000	3.4975	0.5408	1.6536	-25.6393	-31.7403	-19.2705	7.1724	18.0489	17.8943
07CS02	1	2	8.0000	-40.8363	-32.7553	2.0000	0.0000	1.5942	0.5798	1.3660	-27.6212	-30.4863	-18.5426	7.4762	19.6134	16.0260
07CS02	1	3	8.0000	-43.4282	-24.6734	3.0000	0.0000	1.1935	0.7128	0.9005	-21.3943	-22.5360	-32.7198	20.2515	7.8331	15.0310
07CS02	1	4	2.0000	-21.1221	-42.9999	3.0000	0.0000	1.0214	0.4645	0.7893	-21.6075	-32.7388	-22.3037	8.3472	13.9699	20.7985
07CS02	1	5	8.0000	-16.9529	-27.1164	1.0000	0.0000	0.8553	0.4965	1.0687	-32.3994	-20.2032	-24.0474	16.5913	19.1939	7.3304
07CS02	1	6	8.0000	-15.2808	-30.9191	2.0000	0.0000	0.7852	0.6401	1.0764	-26.4634	-31.2783	-18.9083	7.2301	18.7338	17.1517
07CS02	2	1	5.0000	-22.9107	-21.4010	3.0000	0.0000	1.1350	0.5248	1.2105	-32.7298	-22.4270	-21.4932	13.8328	20.8593	8.4235
07CS02	2	2	2.0000	-26.8804	-26.8804	1.0000	1.0000	0.9874	0.7004	1.1407	-32.4447	-20.3062	-23.8990	16.4462	19.3057	7.3637
07CS02	2	3	2.0000	-19.3933	-19.3933	2.0000	1.0000	2.4860	0.5496	1.1425	-19.6236	-32.0541	-24.9723	10.2831	11.2838	21.5487
07CS02	2	4	2.0000	-41.7102	-20.5990	3.0000	0.0000	0.9985	0.5230	1.2626	-24.0181	-20.2233	-32.4086	21.4070	9.5276	12.1810
07CS02	2	5	2.0000	-40.0744	-33.5498	2.0000	0.0000	1.5692	0.4663	1.3754	-28.1144	-30.0943	-18.4413	7.6440	19.9566	15.5150
07CS02	2	6	8.0000	-38.1966	-17.0597	3.0000	0.0000	1.6756	0.4149	1.0022	-27.1790	-18.6618	-30.8092	21.3852	12.2760	9.4544
07CS02	3	1	5.0000	-42.0915	-31.1113	3.0000	0.0000	1.0355	0.4752	0.9928	-18.8617	-26.5854	-31.2029	17.0378	7.2467	18.8311
07CS02	3	2	5.0000	-32.0506	-32.0506	3.0000	1.0000	1.3245	0.3954	1.7208	-18.6617	-27.1793	-30.8090	16.4675	7.3586	19.2895
07CS02	3	3	8.0000	-39.8446	-39.8446	1.0000	1.0000	1.2333	0.3759	0.9279	-25.8433	-19.1732	-31.6336	21.5659	11.0288	10.5209
07CS02	3	4	2.0000	-27.2005	-40.9710	3.0000	0.0000	0.9689	0.4840	0.9759	-19.7263	-32.1284	-24.7954	10.1382	11.4452	21.5322
07CS02	3	5	5.0000	-21.4851	-21.4851	2.0000	1.0000	1.1003	0.5922	1.1110	-20.6941	-32.5818	-23.3741	9.0559	12.8245	21.2352
07CS02	3	6	5.0000	-22.6352	-42.8151	1.0000	0.0000	1.3334	0.5727	1.5447	-22.6019	-21.3353	-32.7128	20.9406	8.5344	13.6406
