ID	block	trial_n	dim_onset	angle_correct	angle_chosen	choice	acc	tResp_1	conf_rating	tResp_2	x1	x2	x3	y1	y2	y3
07al02	1	1	5.0000	-35.0827	NaN	NaN	NaN	NaN	NaN	NaN	-29.2534	-18.3510	-29.0456	20.5464	14.4918	8.0774
07al02	1	2	2.0000	-43.0346	-15.7763	2.0000	0.0000	9.5671	0.4468	1.7857	-19.3955	-25.3912	-31.8633	18.1085	7.1736	17.8335
07al02	1	3	5.0000	-27.7774	-27.7774	3.0000	1.0000	2.7234	0.7589	1.2709	-19.9285	-24.4647	-32.2568	18.8707	7.2541	16.9908
07al02	1	4	2.0000	-16.5836	-16.5836	3.0000	1.0000	1.6283	0.8582	1.4822	-27.7278	-18.5178	-30.4044	21.2346	12.8265	9.0545
07al02	1	5	8.0000	-31.8508	-31.8508	2.0000	1.0000	1.7597	0.8156	1.1488	-27.0533	-30.8963	-18.7004	7.3306	19.1944	16.5906
07al02	1	6	8.0000	-27.4599	-40.8688	3.0000	0.0000	1.9521	0.7996	1.1588	-19.6672	-32.0865	-24.8963	10.2206	11.3529	21.5421
07al02	1	7	5.0000	-29.9953	-29.9953	3.0000	1.0000	2.3146	0.8440	0.9973	-19.1582	-25.8756	-31.6162	17.6862	7.1792	18.2502
07al02	2	1	5.0000	-21.5363	-42.8890	2.0000	0.0000	1.9840	0.8191	1.3609	-32.7246	-22.4863	-21.4391	13.7673	20.8875	8.4608
07al02	2	2	5.0000	-35.1090	-16.4515	3.0000	0.0000	2.3546	0.6064	1.3400	-27.8906	-18.4830	-30.2764	21.1808	12.9944	8.9404
07al02	2	3	2.0000	-15.3356	-34.2856	2.0000	0.0000	1.8009	0.9433	1.7438	-28.5652	-29.7047	-18.3801	7.8336	20.2522	15.0298
07al02	2	4	2.0000	-35.6496	-37.5342	3.0000	0.0000	1.9817	0.7411	1.1632	-29.3814	-28.9135	-18.3551	8.2759	20.7379	14.1017
07al02	2	5	5.0000	-15.3578	-15.3578	2.0000	1.0000	1.6714	0.8493	1.4736	-18.3742	-28.6270	-29.6488	14.9619	7.8625	20.2913
07al02	2	6	5.0000	-16.8373	-43.5139	1.0000	0.0000	2.3819	0.8262	2.3299	-20.1325	-24.1516	-32.3658	19.1143	7.3090	16.6923
07al02	3	1	2.0000	-15.9812	-15.9812	2.0000	1.0000	2.0230	0.4823	1.9222	-19.5557	-25.0929	-32.0013	18.3604	7.1864	17.5688
07al02	3	2	8.0000	-17.2520	-17.2520	1.0000	1.0000	2.1481	0.8777	1.3798	-30.9523	-26.9709	-18.7268	9.6121	21.4303	12.0733
07al02	3	3	8.0000	-35.2236	-35.2236	1.0000	1.0000	2.2025	0.7181	1.4759	-29.1704	-18.3500	-29.1296	20.5955	14.3954	8.1248
07al02	3	4	8.0000	-43.5734	-17.7827	3.0000	0.0000	1.6448	0.5762	1.3669	-32.5776	-20.6799	-23.3925	15.9380	19.6749	7.5027
07al02	3	5	8.0000	-25.2493	-43.5153	1.0000	0.0000	3.0724	0.5656	1.1899	-21.0886	-22.8866	-32.6748	20.0231	7.6826	15.4099
07al02	3	6	2.0000	-21.7987	-42.8160	2.0000	0.0000	1.5102	0.8457	1.3181	-32.7129	-22.6005	-21.3366	13.6422	20.9400	8.5335
