ID	block	trial_n	dim_onset	angle_correct	angle_chosen	choice	acc	tResp_1	conf_rating	tResp_2	x1	x2	x3	y1	y2	y3
02LF01	1	1	8.0000	-37.3823	-35.7573	2.0000	0.0000	7.4736	1.0000	2.9550	-29.4446	-28.8472	-18.3583	8.3161	20.7725	14.0270
02LF01	1	2	8.0000	-22.5686	-22.5686	1.0000	1.0000	3.4627	1.0000	4.1149	-32.7079	-22.6448	-21.2974	13.5940	20.9597	8.5619
02LF01	1	3	2.0000	-43.4946	-43.4946	1.0000	1.0000	4.8269	0.7624	4.7348	-21.1732	-22.7874	-32.6894	20.0888	7.7230	15.3038
02LF01	1	4	5.0000	-43.5591	NaN	NaN	NaN	NaN	NaN	NaN	-32.6220	-20.8435	-23.1845	15.7235	19.8206	7.5715
02LF01	1	5	8.0000	-23.8791	-42.1744	1.0000	0.0000	2.0560	0.7606	1.2191	-23.4745	-20.6171	-32.5585	21.2662	9.1272	12.7222
02LF01	1	6	5.0000	-17.2837	NaN	NaN	NaN	NaN	NaN	NaN	-30.9749	-26.9372	-18.7378	9.6380	21.4370	12.0407
02LF01	1	7	5.0000	-42.1885	-30.9562	3.0000	0.0000	1.9512	0.7163	1.5434	-18.8991	-26.4870	-31.2639	17.1298	7.2331	18.7527
02LF01	1	8	5.0000	-17.2620	-17.2620	2.0000	1.0000	2.3554	0.8422	1.3064	-18.7303	-30.9595	-26.9602	12.0629	9.6203	21.4324
02LF01	2	1	8.0000	-43.3451	-43.3451	1.0000	1.0000	1.2826	0.8741	1.3285	-21.6161	-22.2945	-32.7393	20.4022	7.9499	14.7635
02LF01	2	2	2.0000	-41.0298	-15.1403	1.0000	0.0000	1.0810	0.8280	1.4804	-27.4829	-30.5900	-18.5771	7.4362	19.5137	16.1658
02LF01	2	3	2.0000	-20.4734	-23.5896	2.0000	0.0000	1.8831	0.8422	0.9456	-21.8887	-32.7497	-22.0116	8.1723	14.3009	20.6424
02LF01	2	4	8.0000	-18.0132	NaN	NaN	NaN	NaN	NaN	NaN	-31.4333	-26.2029	-19.0139	10.2213	21.5422	11.3521
02LF01	2	5	5.0000	-15.1751	NaN	NaN	NaN	NaN	NaN	NaN	-30.2576	-18.4783	-27.9141	19.8196	15.7249	7.5711
02LF01	2	6	5.0000	-16.3197	NaN	NaN	NaN	NaN	NaN	NaN	-28.0586	-18.4510	-30.1403	21.1207	13.1700	8.8249
02LF01	2	7	8.0000	-32.1015	NaN	NaN	NaN	NaN	NaN	NaN	-18.6522	-27.2113	-30.7865	16.4360	7.3662	19.3135
02LF01	2	8	5.0000	-42.7983	-22.5953	1.0000	0.0000	1.9435	0.7855	1.6183	-32.7099	-22.6276	-21.3126	13.6127	20.9521	8.5509
02LF01	2	9	5.0000	-15.8437	NaN	NaN	NaN	NaN	NaN	NaN	-29.5524	-28.7321	-18.3656	8.3868	20.8306	13.8983
02LF01	2	10	8.0000	-19.2432	NaN	NaN	NaN	NaN	NaN	NaN	-19.5528	-31.9990	-25.0982	10.3877	11.1703	21.5577
02LF01	2	11	5.0000	-22.0604	-22.0604	1.0000	1.0000	2.8543	0.5035	1.9073	-21.2372	-32.6994	-22.7134	8.6065	13.5196	20.9896
02LF01	2	12	8.0000	-42.7142	NaN	NaN	NaN	NaN	NaN	NaN	-22.7532	-21.2027	-32.6941	21.0065	8.6325	13.4767
02LF01	2	13	8.0000	-40.7523	NaN	NaN	NaN	NaN	NaN	NaN	-32.0379	-25.0098	-19.6023	11.2499	21.5516	10.3142
02LF01	2	14	8.0000	-18.6373	-25.1694	2.0000	0.0000	1.8571	0.7695	2.0212	-22.8377	-32.6822	-21.1301	7.7023	15.3577	20.0556
02LF01	3	1	5.0000	-38.3060	-17.1355	3.0000	0.0000	2.9504	0.4167	1.5450	-27.0962	-18.6870	-30.8668	21.4039	12.1949	9.5168
02LF01	3	2	8.0000	-40.4658	NaN	NaN	NaN	NaN	NaN	NaN	-25.2821	-19.4529	-31.9150	21.5669	10.5424	11.0064
02LF01	3	3	2.0000	-17.2070	-43.5604	1.0000	0.0000	10.8062	0.5780	2.2736	-20.3545	-23.8310	-32.4646	19.3565	7.3801	16.3790
02LF01	3	4	5.0000	-42.4933	NaN	NaN	NaN	NaN	NaN	NaN	-31.4634	-19.0361	-26.1505	18.4794	17.4393	7.1970
02LF01	3	5	2.0000	-20.3745	NaN	NaN	NaN	NaN	NaN	NaN	-32.7500	-21.9664	-21.9337	14.3530	20.6167	8.1460
02LF01	3	6	2.0000	-25.7114	NaN	NaN	NaN	NaN	NaN	NaN	-32.3461	-24.2109	-20.0929	11.9944	21.4463	9.6750
