ID	block	trial_n	dim_onset	angle_correct	angle_chosen	choice	acc	tResp_1	conf_rating	tResp_2	x1	x2	x3	y1	y2	y3
04AL02	1	1	8.0000	-15.2089	-31.3752	2.0000	0.0000	2.6344	0.6667	4.0513	-26.7527	-31.0964	-18.8009	7.2730	18.9629	16.8797
04AL02	1	2	8.0000	-15.1398	-15.1398	2.0000	1.0000	3.9822	0.5266	2.3793	-18.5909	-27.4302	-30.6289	16.2186	7.4217	19.4753
04AL02	1	3	5.0000	-26.0070	-26.0070	2.0000	1.0000	2.3306	0.4787	3.9641	-24.3277	-20.0163	-32.3060	21.4674	9.7656	11.8826
04AL02	1	4	2.0000	-15.3237	-15.3237	2.0000	1.0000	2.9654	0.5496	4.2123	-18.9626	-26.3268	-31.3606	17.2781	7.2139	18.6236
04AL02	1	5	2.0000	-36.4381	-36.4381	3.0000	1.0000	2.9622	0.4610	2.8292	-18.3972	-29.8389	-28.4139	13.5492	8.5887	20.9778
04AL02	1	6	8.0000	-17.8206	-17.8206	1.0000	1.0000	2.4009	0.7553	2.8286	-23.3657	-32.5837	-20.7006	7.5112	15.9106	19.6939
04AL02	2	1	8.0000	-41.9582	-41.9582	2.0000	1.0000	2.0225	0.5213	1.6051	-31.1209	-18.8144	-26.7148	18.9332	16.9157	7.2667
04AL02	2	2	8.0000	-30.1570	-18.2925	3.0000	0.0000	1.6241	0.7571	2.4879	-25.9392	-19.1291	-31.5817	21.5613	11.1142	10.4401
04AL02	2	3	2.0000	-39.8425	-39.8425	3.0000	1.0000	2.5131	0.4238	1.6987	-28.2511	-29.9794	-18.4195	7.6978	20.0482	15.3697
04AL02	2	4	5.0000	-42.8888	-42.8888	2.0000	1.0000	2.8658	0.8369	1.5128	-32.7245	-22.4866	-21.4389	13.7670	20.8877	8.4610
04AL02	2	5	5.0000	-34.3046	-15.3396	1.0000	0.0000	2.7251	0.5071	1.7199	-28.5767	-29.6943	-18.3790	7.8390	20.2596	15.0171
04AL02	2	6	2.0000	-39.0689	-39.0689	1.0000	1.0000	2.3852	0.7855	1.3432	-26.4966	-18.8954	-31.2579	21.5094	11.6229	9.9833
04AL02	3	1	2.0000	-40.1234	-40.1234	2.0000	1.0000	2.2441	0.5355	1.5174	-31.7622	-25.5960	-19.2917	10.7321	21.5717	10.8118
04AL02	3	2	2.0000	-40.1538	-29.1969	1.0000	0.0000	1.9558	0.4521	1.4053	-19.3053	-31.7761	-25.5686	10.7880	10.7558	21.5719
04AL02	3	3	8.0000	-15.1814	-31.6151	2.0000	0.0000	2.1921	0.4929	3.1702	-26.9045	-30.9968	-18.7487	7.3004	19.0806	16.7346
04AL02	3	4	5.0000	-29.9817	-29.9817	1.0000	1.0000	2.2360	0.5851	2.6599	-31.6209	-19.1622	-25.8669	18.2429	17.6939	7.1789
04AL02	3	5	5.0000	-15.8132	-15.8132	3.0000	1.0000	2.0664	0.7855	1.9453	-31.8905	-19.4254	-25.3341	17.7833	18.1573	7.1751
04AL02	3	6	5.0000	-26.0150	-43.5720	2.0000	0.0000	1.5634	0.5142	1.9650	-32.5852	-20.7060	-23.3588	15.9034	19.6988	7.5134
