ID	block	trial_n	dim_onset	angle_correct	angle_chosen	choice	acc	tResp_1	conf_rating	tResp_2	x1	x2	x3	y1	y2	y3
03AL03	1	1	8.0000	-19.1233	-19.1233	3.0000	1.0000	1.6517	1.0000	0.9149	-25.1999	-19.4970	-31.9530	21.5634	10.4730	11.0793
03AL03	1	2	2.0000	-37.7751	-15.6688	1.0000	0.0000	1.8971	0.3989	1.4137	-29.2789	-29.0196	-18.3516	8.2127	20.6808	14.2222
03AL03	1	3	8.0000	-32.5500	-17.3486	1.0000	0.0000	2.7975	0.8688	1.4633	-31.0205	-26.8688	-18.7607	9.6906	21.4501	11.9749
03AL03	1	4	5.0000	-24.6445	-24.6445	1.0000	1.0000	2.9306	0.9486	1.9140	-20.3873	-32.4776	-23.7850	9.3532	12.4102	21.3522
03AL03	1	5	8.0000	-34.9511	-34.9511	1.0000	1.0000	1.2221	1.0000	0.8683	-29.3300	-18.3531	-28.9669	20.4998	14.5815	8.0343
03AL03	1	6	5.0000	-16.1727	-35.9899	1.0000	0.0000	2.3605	0.4025	1.7843	-18.4190	-29.9768	-28.2541	13.3773	8.6936	21.0448
03AL03	2	1	5.0000	-15.2067	-15.2067	3.0000	1.0000	1.8805	0.4291	1.0482	-30.1097	-18.4445	-28.0958	19.9441	15.5346	7.6370
03AL03	2	2	5.0000	-37.3067	NaN	NaN	NaN	NaN	NaN	NaN	-27.8258	-18.4964	-30.3278	21.2027	12.9274	8.9855
03AL03	2	3	8.0000	-39.7184	-39.7184	2.0000	1.0000	1.6172	1.0000	0.7106	-31.5742	-25.9529	-19.1229	10.4286	21.5606	11.1265
03AL03	2	4	8.0000	-26.2046	NaN	NaN	NaN	NaN	NaN	NaN	-32.5580	-20.6155	-23.4766	16.0237	19.6150	7.4769
03AL03	2	5	2.0000	-16.2315	-36.7987	2.0000	0.0000	3.1815	1.0000	0.8133	-30.0439	-28.1748	-18.4313	8.7465	21.0764	13.2927
03AL03	2	6	2.0000	-27.8583	NaN	NaN	NaN	NaN	NaN	NaN	-25.0510	-19.5791	-32.0199	21.5546	10.3484	11.2127
03AL03	2	7	5.0000	-21.4563	NaN	NaN	NaN	NaN	NaN	NaN	-20.6784	-32.5772	-23.3944	9.0702	12.8038	21.2416
03AL03	2	8	8.0000	-30.4896	-30.4896	2.0000	1.0000	1.5841	1.0000	0.6771	-26.1904	-31.4405	-19.0191	7.2004	18.5122	17.4030
03AL03	2	9	2.0000	-16.1668	NaN	NaN	NaN	NaN	NaN	NaN	-32.1037	-19.6911	-24.8552	17.3533	18.5568	7.2055
03AL03	2	10	5.0000	-43.0459	-43.0459	3.0000	1.0000	1.5345	1.0000	0.9100	-21.6826	-32.7432	-22.2242	8.2987	14.0592	20.7577
03AL03	2	11	2.0000	-15.4459	-15.4459	3.0000	1.0000	2.3001	0.4699	1.2275	-31.5432	-19.0978	-26.0090	18.3621	17.5670	7.1865
03AL03	3	1	2.0000	-15.3852	NaN	NaN	NaN	NaN	NaN	NaN	-18.3681	-28.6993	-29.5827	14.8819	7.8971	20.3366
03AL03	3	2	5.0000	-41.7097	NaN	NaN	NaN	NaN	NaN	NaN	-32.4084	-24.0187	-20.2230	12.1804	21.4071	9.5281
03AL03	3	3	2.0000	-15.5891	-42.8299	3.0000	0.0000	2.3924	0.8457	1.2189	-25.7121	-31.7027	-19.2351	7.1737	18.1114	17.8306
03AL03	3	4	5.0000	-27.0298	-41.0376	1.0000	0.0000	2.4526	0.4663	1.0923	-24.7288	-19.7659	-32.1553	21.5249	10.0842	11.5066
03AL03	3	5	8.0000	-40.4774	NaN	NaN	NaN	NaN	NaN	NaN	-25.2713	-19.4586	-31.9201	21.5665	10.5332	11.0159
03AL03	3	6	2.0000	-42.3449	-15.3259	2.0000	0.0000	2.1621	1.0000	0.8993	-18.9653	-26.3201	-31.3646	17.2843	7.2132	18.6182
03AL03	3	7	2.0000	-34.0209	-34.0209	3.0000	1.0000	2.2392	1.0000	1.0056	-30.6137	-27.4510	-18.5854	9.2533	21.3164	12.5459
03AL03	3	8	5.0000	-15.9604	-36.2208	1.0000	0.0000	3.6131	0.5408	0.9473	-28.5548	-18.3812	-29.7140	20.9149	13.7026	8.4981
03AL03	3	9	8.0000	-17.6809	NaN	NaN	NaN	NaN	NaN	NaN	-26.5284	-18.8832	-31.2383	21.5051	11.6526	9.9579
03AL03	3	10	8.0000	-43.5462	-26.9681	3.0000	0.0000	2.7815	0.8599	0.6804	-20.2676	-23.9541	-32.4282	19.2644	7.3510	16.5003
