ID	block	trial_n	dim_onset	angle_correct	angle_chosen	choice	acc	tResp_1	conf_rating	tResp_2	x1	x2	x3	y1	y2	y3
02LF03	1	1	5.0000	-16.5684	-16.5684	1.0000	1.0000	1.7645	0.5408	1.4520	-24.4109	-32.2764	-19.9627	7.2625	16.9401	18.9130
02LF03	1	2	8.0000	-15.3573	-15.3573	1.0000	1.0000	2.2309	0.7500	1.4801	-28.6259	-29.6498	-18.3743	7.8620	20.2906	14.9631
02LF03	1	3	8.0000	-15.5308	-42.7488	2.0000	0.0000	1.8007	0.5177	0.8101	-31.6427	-19.1812	-25.8261	18.2083	17.7301	7.1772
02LF03	1	4	8.0000	-38.5904	NaN	NaN	NaN	NaN	NaN	NaN	-31.0149	-26.8773	-18.7578	9.6841	21.4485	11.9830
02LF03	1	5	8.0000	-34.2617	-34.2617	1.0000	1.0000	2.3091	0.7145	1.7160	-18.5606	-30.5419	-27.5475	12.6430	9.1833	21.2893
02LF03	1	6	5.0000	-41.0876	-41.0876	3.0000	1.0000	2.3235	0.5479	0.8195	-19.7963	-32.1753	-24.6784	10.0435	11.5532	21.5189
02LF03	1	7	8.0000	-35.9901	-35.9901	1.0000	1.0000	1.8435	0.5089	1.5847	-28.7017	-18.3679	-29.5804	20.8454	13.8645	8.4057
02LF03	2	1	8.0000	-18.1860	-25.6270	2.0000	0.0000	2.1472	0.4876	1.3472	-23.1187	-32.6348	-20.8965	7.5948	15.6549	19.8660
02LF03	2	2	8.0000	-28.1756	-16.2838	2.0000	0.0000	2.7498	0.4734	0.8621	-19.7729	-24.7171	-32.1600	18.6690	7.2202	17.2264
02LF03	2	3	2.0000	-33.1904	-17.1129	2.0000	0.0000	2.1359	0.7128	1.3921	-18.6794	-30.8498	-27.1208	12.2190	9.4982	21.3984
02LF03	2	4	2.0000	-22.3730	-22.3730	3.0000	1.0000	2.2848	0.7926	1.0266	-32.6808	-22.8470	-21.1222	13.3761	21.0452	8.6943
02LF03	2	5	5.0000	-41.1628	-32.3768	3.0000	0.0000	2.7423	0.5851	1.3863	-18.6032	-27.3842	-30.6625	16.2646	7.4094	19.4416
02LF03	2	6	2.0000	-42.9925	NaN	NaN	NaN	NaN	NaN	NaN	-21.5956	-32.7380	-22.3164	8.3550	13.9557	20.8049
02LF03	2	7	2.0000	-25.6488	-25.6488	3.0000	1.0000	2.4737	0.8298	1.0213	-20.8856	-23.1321	-32.6322	19.8567	7.5900	15.6689
02LF03	3	1	5.0000	-42.6221	-42.6221	2.0000	1.0000	1.8483	0.8351	1.3625	-32.6749	-22.8857	-21.0894	13.3348	21.0608	8.7200
02LF03	3	2	2.0000	-25.0200	-25.0200	1.0000	1.0000	2.0505	0.8085	1.2108	-20.2805	-32.4338	-23.9358	9.4656	12.2615	21.3886
02LF03	3	3	2.0000	-36.6274	-16.1470	1.0000	0.0000	1.7085	0.6312	2.1700	-29.9469	-28.2892	-18.4139	8.6703	21.0304	13.4148
02LF03	3	4	5.0000	-37.3817	-37.3817	3.0000	1.0000	1.9374	0.5248	1.1411	-18.5077	-30.3692	-27.7731	12.8730	9.0225	21.2201
02LF03	3	5	5.0000	-42.0837	-42.0837	2.0000	1.0000	2.4258	0.7677	1.1024	-32.5312	-23.5851	-20.5338	12.6102	21.2986	9.2068
02LF03	3	6	2.0000	-42.2500	-42.2500	2.0000	1.0000	1.4893	0.5745	1.5227	-32.5804	-23.3803	-20.6893	12.8182	21.2372	9.0602
