ID	block	trial_n	dim_onset	angle_correct	angle_chosen	choice	acc	tResp_1	conf_rating	tResp_2	x1	x2	x3	y1	y2	y3
05AL03	1	1	8.0000	-21.9693	-22.5231	3.0000	0.0000	5.0090	0.5319	16.0613	-22.6742	-21.2715	-32.7043	20.9726	8.5810	13.5620
05AL03	1	2	2.0000	-43.5500	-43.5500	2.0000	1.0000	2.5317	0.8883	3.5965	-32.6375	-20.9082	-23.1043	15.6398	19.8759	7.6000
05AL03	1	3	2.0000	-39.3807	-39.3807	1.0000	1.0000	3.4412	0.8582	2.0031	-26.2397	-18.9984	-31.4118	21.5388	11.3858	10.1911
05AL03	1	4	8.0000	-42.3181	-42.3181	2.0000	1.0000	3.6841	0.8546	2.5599	-32.5994	-23.2938	-20.7567	12.9071	21.2093	8.9993
05AL03	1	5	5.0000	-16.0789	-16.0789	1.0000	1.0000	2.3454	0.5089	0.8778	-29.8651	-28.3839	-18.4010	8.6082	20.9907	13.5167
05AL03	1	6	5.0000	-17.7410	-17.7410	2.0000	1.0000	1.8805	0.8174	0.9979	-20.6570	-23.4223	-32.5708	19.6538	7.4934	15.9684
05AL03	2	1	5.0000	-36.3405	-36.3405	2.0000	1.0000	4.7313	0.3865	1.6141	-29.7829	-28.4775	-18.3896	8.5476	20.9498	13.6182
05AL03	2	2	8.0000	-20.0213	-20.0213	1.0000	1.0000	2.0425	0.5443	0.9691	-22.0991	-32.7480	-21.8029	8.0527	14.5429	20.5200
05AL03	2	3	2.0000	-15.8991	-36.0771	1.0000	0.0000	2.8362	0.5248	1.2923	-28.6466	-18.3725	-29.6309	20.8720	13.8036	8.4401
05AL03	2	4	5.0000	-37.6844	-37.6844	2.0000	1.0000	2.0253	0.5071	1.0527	-28.9795	-18.3526	-29.3178	20.7026	14.1766	8.2364
05AL03	2	5	8.0000	-17.8740	-17.8740	2.0000	1.0000	2.2646	0.8475	0.8967	-20.7297	-23.3284	-32.5919	19.7202	7.5232	15.8723
05AL03	2	6	2.0000	-15.8803	-43.1222	1.0000	0.0000	1.1921	0.8369	0.9361	-19.4784	-25.2344	-31.9372	18.2418	7.1788	17.6951
05AL03	3	1	5.0000	-38.0553	-38.0553	2.0000	1.0000	1.9783	0.5426	1.6168	-30.7342	-27.2849	-18.6309	9.3755	21.3597	12.3804
05AL03	3	2	8.0000	-43.0698	-43.0698	1.0000	1.0000	1.1721	0.8635	1.0065	-22.1819	-21.7230	-32.7451	20.7355	8.2732	14.1070
05AL03	3	3	2.0000	-22.5050	-42.6098	3.0000	0.0000	1.7463	0.7465	2.0654	-21.0748	-32.6722	-22.9030	8.7316	13.3163	21.0677
05AL03	3	4	2.0000	-43.4264	-27.8403	1.0000	0.0000	3.2547	0.3440	1.0739	-32.2420	-19.9034	-24.5045	17.0283	18.8391	7.2482
05AL03	3	5	8.0000	-26.1611	-20.1164	3.0000	0.0000	1.0647	0.7926	0.9804	-24.3885	-19.9771	-32.2845	21.4776	9.8131	11.8249
05AL03	3	6	5.0000	-32.4474	-32.4474	3.0000	1.0000	4.8712	0.3688	1.1738	-31.0470	-26.8286	-18.7744	9.7218	21.4574	11.9364
