ID	block	trial_n	dim_onset	angle_correct	angle_chosen	choice	acc	tResp_1	conf_rating	tResp_2	x1	x2	x3	y1	y2	y3
07CS01	1	1	2.0000	-17.2705	-38.4951	3.0000	0.0000	2.3241	0.4929	1.8538	-18.7332	-30.9655	-26.9513	12.0542	9.6272	21.4342
07CS01	1	2	8.0000	-15.7798	-15.7798	1.0000	1.0000	2.2693	0.3670	2.5251	-29.4574	-28.8336	-18.3590	8.3244	20.7795	14.0118
07CS01	1	3	5.0000	-37.3014	-16.5005	2.0000	0.0000	1.8809	0.3457	1.0303	-18.4956	-30.3249	-27.8295	12.9312	8.9829	21.2015
07CS01	1	4	2.0000	-34.0538	-34.0538	1.0000	1.0000	1.3670	0.4167	1.4064	-29.8302	-18.3959	-28.4239	20.1615	15.1838	7.7703
07CS01	1	5	8.0000	-35.8321	-16.2214	1.0000	0.0000	1.5369	0.3759	1.0250	-30.0325	-28.1884	-18.4292	8.7374	21.0710	13.3072
07CS01	1	6	8.0000	-15.9844	-15.9844	2.0000	1.0000	2.1813	0.3546	1.4138	-18.3849	-29.7457	-28.5194	13.6639	8.5207	20.9310
07CS01	2	1	5.0000	-15.1631	-15.1631	2.0000	1.0000	2.5721	0.3830	1.2728	-18.7054	-27.0373	-30.9072	16.6062	7.3272	19.1823
07CS01	2	2	8.0000	-41.3535	-32.1424	2.0000	0.0000	1.3989	0.3918	1.2627	-27.2370	-30.7683	-18.6447	7.3723	19.3327	16.4106
07CS01	2	3	8.0000	-39.3688	-17.9645	1.0000	0.0000	1.3569	0.3652	1.1382	-31.4060	-26.2497	-18.9943	10.1829	21.5378	11.3949
07CS01	2	4	5.0000	-36.3319	-36.3319	3.0000	1.0000	1.7808	0.4220	1.0975	-18.3889	-29.7780	-28.4831	13.6243	8.5440	20.9473
07CS01	2	5	5.0000	-43.3204	-24.1678	2.0000	0.0000	1.2618	0.3794	0.9497	-22.2318	-32.7428	-21.6754	7.9821	14.6931	20.4404
07CS01	2	6	5.0000	-40.7611	-19.3584	1.0000	0.0000	1.4330	0.3883	0.9621	-32.0416	-25.0013	-19.6071	11.2575	21.5509	10.3072
07CS01	3	1	2.0000	-32.0952	-41.3909	2.0000	0.0000	0.9083	0.4468	1.4526	-30.7893	-18.6534	-27.2073	19.3105	16.4399	7.3652
07CS01	3	2	8.0000	-24.0156	-21.2647	3.0000	0.0000	1.2109	0.4149	0.9829	-23.5302	-20.5749	-32.5449	21.2828	9.1672	12.6656
07CS01	3	3	2.0000	-17.3952	-26.5314	2.0000	0.0000	1.5713	0.4202	1.0906	-23.6804	-32.5063	-20.4633	7.4188	16.2293	19.4675
07CS01	3	4	2.0000	-39.8037	-30.0009	3.0000	0.0000	1.3142	0.4238	1.0304	-31.6144	-25.8790	-19.1567	10.4907	21.5644	11.0605
07CS01	3	5	2.0000	-42.5471	-30.3256	2.0000	0.0000	0.9736	0.4007	1.4385	-26.0860	-31.5001	-19.0639	7.1919	18.4261	17.4977
07CS01	3	6	5.0000	-23.8050	-23.8050	3.0000	1.0000	1.0583	0.4450	0.9697	-21.8845	-22.0159	-32.7496	20.5690	8.0989	14.4477
