ID	block	trial_n	dim_onset	angle_correct	angle_chosen	choice	acc	tResp_1	conf_rating	tResp_2	x1	x2	x3	y1	y2	y3
07al01	1	1	8.0000	-22.7947	-21.9922	2.0000	0.0000	7.2160	0.5053	4.8975	-20.9730	-32.6518	-23.0252	8.8139	13.1870	21.1147
07al01	1	2	5.0000	-36.1493	-15.9296	1.0000	0.0000	11.4398	0.8706	3.1405	-29.6727	-28.6006	-18.3767	8.4691	20.8937	13.7529
07al01	1	3	2.0000	-25.1284	-41.7450	2.0000	0.0000	2.6211	0.9433	3.6078	-32.4206	-23.9791	-20.2503	12.2190	21.3984	9.4982
07al01	1	4	8.0000	-40.9169	-40.9169	1.0000	1.0000	4.8604	0.9238	3.0152	-24.8490	-19.6948	-32.1063	21.5377	10.1819	11.3961
07al01	1	5	8.0000	-42.5075	-22.8404	2.0000	0.0000	2.3857	0.9238	1.8769	-23.0444	-20.9572	-32.6484	21.1218	8.8270	13.1668
07al01	1	6	2.0000	-39.4556	-18.0403	3.0000	0.0000	6.0275	0.8528	10.2866	-26.1769	-19.0249	-31.4483	21.5445	11.3284	10.2427
07al01	2	1	2.0000	-39.0811	-17.7226	1.0000	0.0000	2.6320	0.8741	1.7802	-31.2640	-26.4868	-18.8992	9.9912	21.5107	11.6137
07al01	2	2	8.0000	-18.9634	-40.4063	1.0000	0.0000	2.4588	0.8085	5.1200	-25.3375	-19.4236	-31.8889	21.5687	10.5894	10.9575
07al01	2	3	2.0000	-23.3677	-43.0903	3.0000	0.0000	4.8516	0.4273	3.8440	-21.7585	-32.7465	-22.1449	8.2510	14.1488	20.7158
07al01	2	4	8.0000	-18.1432	-43.5550	1.0000	0.0000	2.1892	0.7411	1.7393	-20.8739	-23.1467	-32.6294	19.8467	7.5848	15.6841
07al01	2	5	8.0000	-40.0706	-40.0706	3.0000	1.0000	2.6553	0.6117	0.9729	-19.2684	-31.7382	-25.6434	10.8531	10.6913	21.5713
07al01	2	6	5.0000	-34.3522	-34.3522	1.0000	1.0000	2.4205	0.8067	2.2414	-29.6681	-18.3762	-28.6057	20.2779	14.9853	7.8525
07al01	3	1	5.0000	-25.6682	-20.3677	2.0000	0.0000	1.9626	0.6241	1.9497	-20.1043	-32.3519	-24.1938	9.6618	12.0108	21.4430
07al01	3	2	5.0000	-37.6757	-16.7215	3.0000	0.0000	6.9243	0.4645	3.6222	-27.5633	-18.5567	-30.5300	21.2847	12.6590	9.1719
07al01	3	3	5.0000	-15.1798	-40.3486	3.0000	0.0000	3.7664	0.4238	3.3788	-27.9453	-30.2326	-18.4721	7.5820	19.8412	15.6925
07al01	3	4	5.0000	-27.2675	-27.2675	2.0000	1.0000	3.1654	0.5887	1.5629	-24.1425	-32.3688	-20.1386	7.3108	16.6835	19.1213
07al01	3	5	2.0000	-39.7214	-39.7214	1.0000	1.0000	2.6996	0.7926	1.7298	-25.9503	-19.1241	-31.5756	21.5607	11.1241	10.4308
07al01	3	6	2.0000	-17.6248	-17.6248	1.0000	1.0000	2.3486	0.3972	1.0124	-23.5066	-32.5507	-20.5927	7.4679	16.0542	19.5935
