ID	block	trial_n	dim_onset	angle_correct	angle_chosen	choice	acc	tResp_1	conf_rating	tResp_2	x1	x2	x3	y1	y2	y3
01al01	1	1	2.0000	-36.4592	NaN	NaN	NaN	NaN	NaN	NaN	-18.3989	-29.8509	-28.4002	13.5343	8.5976	20.9837
01al01	1	2	5.0000	-24.2076	NaN	NaN	NaN	NaN	NaN	NaN	-20.5164	-32.5252	-23.6084	9.2237	12.5868	21.3051
01al01	1	3	2.0000	-28.8506	-40.3008	2.0000	0.0000	2.8263	0.6915	1.5998	-31.8421	-25.4349	-19.3730	10.8720	21.5710	10.6727
01al01	1	4	5.0000	-16.4371	NaN	NaN	NaN	NaN	NaN	NaN	-19.8766	-24.5475	-32.2259	18.8050	7.2420	17.0686
01al01	1	5	2.0000	-16.7110	-37.6586	2.0000	0.0000	3.9489	0.5727	1.0961	-30.5207	-27.5756	-18.5537	9.1630	21.2811	12.6715
01al01	1	6	5.0000	-34.0060	NaN	NaN	NaN	NaN	NaN	NaN	-28.3946	-29.8558	-18.3996	7.7576	20.1425	15.2155
01al01	1	7	2.0000	-42.0316	NaN	NaN	NaN	NaN	NaN	NaN	-20.4874	-32.5150	-23.6476	9.2523	12.5473	21.3160
01al01	1	8	5.0000	-36.7468	-16.2056	2.0000	0.0000	2.4151	0.8050	1.2299	-18.4258	-30.0146	-28.2096	13.3298	8.7232	21.0627
01al01	1	9	5.0000	-19.1586	NaN	NaN	NaN	NaN	NaN	NaN	-32.7193	-21.3904	-22.5403	15.0358	20.2488	7.8311
01al01	1	10	5.0000	-15.5195	-15.5195	2.0000	1.0000	2.3816	0.8599	1.3948	-18.3520	-29.0029	-29.2951	14.5406	8.0539	20.5212
01al01	1	11	2.0000	-32.5158	NaN	NaN	NaN	NaN	NaN	NaN	-31.0293	-26.8554	-18.7653	9.7010	21.4525	11.9621
01al01	1	12	5.0000	-24.1344	-24.1344	2.0000	1.0000	1.9982	1.0000	0.8302	-22.2118	-32.7438	-21.6944	7.9925	14.6706	20.4525
01al01	1	13	2.0000	-15.6442	-35.4041	1.0000	0.0000	2.4810	0.5957	2.4308	-29.0626	-18.3507	-29.2367	20.6569	14.2714	8.1873
01al01	2	1	5.0000	-18.7476	-43.4913	3.0000	0.0000	3.0483	0.3635	2.4638	-22.7725	-32.6915	-21.1860	7.7292	15.2879	20.0986
01al01	2	2	2.0000	-42.3411	-42.3411	3.0000	1.0000	2.0785	0.9096	1.4999	-26.3243	-31.3621	-18.9636	7.2136	18.6216	17.2804
01al01	2	3	8.0000	-27.3474	-43.5056	1.0000	0.0000	4.2122	0.3723	1.4832	-20.1049	-24.1929	-32.3522	19.0826	7.3009	16.7321
01al01	2	4	8.0000	-18.5834	NaN	NaN	NaN	NaN	NaN	NaN	-21.1026	-22.8700	-32.6773	20.0341	7.6892	15.3923
01al01	2	5	2.0000	-25.8163	-43.5638	1.0000	0.0000	3.2946	0.3333	0.7839	-20.8027	-23.2356	-32.6117	19.7851	7.5540	15.7765
01al01	2	6	8.0000	-43.5618	NaN	NaN	NaN	NaN	NaN	NaN	-23.2131	-32.6163	-20.8207	7.5617	15.7531	19.8008
01al01	2	7	8.0000	-37.7486	NaN	NaN	NaN	NaN	NaN	NaN	-18.3518	-29.2903	-29.0079	14.2088	8.2196	20.6872
01al01	2	8	8.0000	-36.6166	NaN	NaN	NaN	NaN	NaN	NaN	-18.3851	-29.7470	-28.5179	13.6622	8.5217	20.9317
01al01	2	9	8.0000	-43.5527	NaN	NaN	NaN	NaN	NaN	NaN	-23.1262	-32.6334	-20.8905	7.5921	15.6627	19.8608
01al01	3	1	8.0000	-15.5083	NaN	NaN	NaN	NaN	NaN	NaN	-28.9799	-29.3174	-18.3526	8.0414	20.5076	14.5667
01al01	3	2	5.0000	-41.6658	NaN	NaN	NaN	NaN	NaN	NaN	-30.9467	-18.7241	-26.9792	19.1380	16.6625	7.3152
01al01	3	3	5.0000	-38.6099	NaN	NaN	NaN	NaN	NaN	NaN	-18.7630	-31.0249	-26.8621	11.9684	9.6959	21.4513
01al01	3	4	2.0000	-17.1176	NaN	NaN	NaN	NaN	NaN	NaN	-27.1157	-18.6810	-30.8533	21.3996	12.2140	9.5021
01al01	3	5	8.0000	-28.6164	NaN	NaN	NaN	NaN	NaN	NaN	-32.0434	-19.6094	-24.9972	17.4825	18.4400	7.1931
01al01	3	6	8.0000	-29.2991	-40.1100	2.0000	0.0000	2.4647	0.5337	1.6636	-31.7561	-25.6081	-19.2858	10.7217	21.5716	10.8223
