ID	block	trial_n	dim_onset	angle_correct	angle_chosen	choice	acc	tResp_1	conf_rating	tResp_2	x1	x2	x3	y1	y2	y3
05CS03	1	1	8.0000	-17.8098	-39.1866	2.0000	0.0000	3.2430	0.5745	1.7573	-31.3165	-26.4005	-18.9330	10.0605	21.5215	11.5336
05CS03	1	2	5.0000	-16.9506	-33.6431	3.0000	0.0000	1.8976	0.4344	1.4468	-30.7232	-27.3003	-18.6265	9.3641	21.3559	12.3957
05CS03	1	3	2.0000	-25.2115	-41.7154	3.0000	0.0000	2.0636	0.4557	11.1652	-20.2273	-32.4104	-24.0123	9.5232	12.1866	21.4058
05CS03	1	4	2.0000	-37.0701	-35.9739	3.0000	0.0000	2.0849	0.4450	3.0931	-18.3671	-29.5710	-28.7119	13.8759	8.3993	20.8404
05CS03	1	5	5.0000	-42.5179	-15.3991	2.0000	0.0000	4.7613	0.4805	5.3465	-19.0486	-26.1213	-31.4801	17.4658	7.1946	18.4552
05CS03	1	6	2.0000	-35.1730	-15.5687	3.0000	0.0000	2.0103	0.4433	1.6015	-29.2003	-18.3502	-29.0995	20.5779	14.4301	8.1076
05CS03	2	1	5.0000	-43.2946	NaN	NaN	NaN	NaN	NaN	NaN	-24.8713	-32.0970	-19.6817	7.2039	17.3680	18.5436
05CS03	2	2	2.0000	-16.6254	-27.6021	2.0000	0.0000	1.3413	0.4557	1.6870	-24.3538	-32.2968	-19.9994	7.2719	16.8859	18.9578
05CS03	2	3	8.0000	-37.4770	-37.4770	3.0000	1.0000	1.0074	0.7394	1.8370	-18.5228	-30.4216	-27.7056	12.8038	9.0702	21.2416
05CS03	2	4	5.0000	-33.7661	-33.7661	3.0000	1.0000	1.9096	0.4947	1.5529	-18.4200	-28.2476	-29.9824	15.3735	7.6963	20.0458
05CS03	2	5	8.0000	-41.1454	-19.8245	3.0000	0.0000	2.4336	0.7535	1.4446	-24.6198	-19.8320	-32.1982	21.5115	9.9964	11.6077
05CS03	2	6	8.0000	-18.4886	-29.6902	3.0000	0.0000	2.9149	0.6826	2.6967	-31.6782	-25.7590	-19.2127	10.5924	21.5688	10.9544
05CS03	2	7	5.0000	-17.0186	-43.5413	2.0000	0.0000	2.0591	0.6330	3.2859	-32.4173	-20.2428	-23.9898	16.5352	19.2375	7.3429
05CS03	3	1	8.0000	-42.3331	-42.3331	3.0000	1.0000	1.0580	0.6720	1.1040	-26.3331	-31.3569	-18.9601	7.2146	18.6287	17.2724
05CS03	3	2	2.0000	-22.4982	-42.7567	3.0000	0.0000	1.1987	0.5709	1.1294	-21.2574	-32.7023	-22.6903	8.5914	13.5446	20.9796
05CS03	3	3	5.0000	-16.4998	-27.8037	1.0000	0.0000	1.7980	0.3865	4.9808	-32.2506	-19.9180	-24.4814	17.0065	18.8575	7.2516
05CS03	3	4	8.0000	-29.6839	-42.8538	3.0000	0.0000	2.0090	0.4610	1.7196	-25.6772	-31.7208	-19.2520	7.1730	18.0814	17.8612
05CS03	3	5	5.0000	-16.6272	-34.5789	1.0000	0.0000	0.9988	0.4770	1.6461	-18.5298	-30.4449	-27.6753	12.7728	9.0917	21.2511
05CS03	3	6	2.0000	-35.8042	-36.7956	2.0000	0.0000	2.5941	0.5035	2.4683	-30.0422	-28.1768	-18.4310	8.7451	21.0756	13.2949
