ID	block	trial_n	dim_onset	angle_correct	angle_chosen	choice	acc	tResp_1	conf_rating	tResp_2	x1	x2	x3	y1	y2	y3
01al03	1	1	5.0000	-43.3875	NaN	NaN	NaN	NaN	NaN	NaN	-32.1959	-19.8283	-24.6258	17.1417	18.7425	7.2314
01al03	1	2	8.0000	-38.3232	-33.0949	1.0000	0.0000	5.1804	0.4770	1.5379	-18.6911	-30.8758	-27.0831	12.1822	9.5267	21.4068
01al03	1	3	2.0000	-42.5679	-42.5679	1.0000	1.0000	2.2016	0.8245	1.0590	-22.9615	-21.0258	-32.6627	21.0905	8.7709	13.2543
01al03	1	4	8.0000	-40.6951	-19.2826	3.0000	0.0000	3.1902	0.3333	0.8371	-25.0649	-19.5713	-32.0138	21.5555	10.3600	11.2001
01al03	1	5	8.0000	-42.8379	-42.8379	3.0000	1.0000	1.5863	0.8635	1.6226	-21.3667	-32.7166	-22.5667	8.5119	13.6790	20.9247
01al03	1	6	2.0000	-40.7984	-40.7984	3.0000	1.0000	2.5385	0.7979	2.0381	-27.6475	-30.4662	-18.5363	7.4842	19.6322	15.9992
01al03	1	7	5.0000	-25.2099	NaN	NaN	NaN	NaN	NaN	NaN	-20.2278	-32.4106	-24.0116	9.5227	12.1873	21.4056
01al03	1	8	5.0000	-15.2505	NaN	NaN	NaN	NaN	NaN	NaN	-28.2857	-29.9499	-18.4144	7.7118	20.0711	15.3327
01al03	1	9	5.0000	-43.3789	-43.3789	3.0000	1.0000	1.6857	0.7766	1.5096	-22.3862	-32.7330	-21.5307	7.9042	14.8658	20.3456
01al03	2	1	2.0000	-33.0099	-33.0099	3.0000	1.0000	2.7531	0.8440	0.9585	-18.5063	-27.7799	-30.3639	15.8638	7.5259	19.7260
01al03	2	2	5.0000	-36.8021	-36.8021	3.0000	1.0000	2.2736	0.8316	1.9214	-29.6761	-28.5969	-18.3770	8.4714	20.8954	13.7488
01al03	2	3	2.0000	-29.2143	-40.1464	1.0000	0.0000	2.4422	0.4238	1.1197	-25.5753	-19.3020	-31.7727	21.5718	10.7938	10.7500
01al03	2	4	5.0000	-16.2873	-43.3566	1.0000	0.0000	2.1087	0.5957	1.1527	-19.7753	-24.7132	-32.1615	18.6722	7.2207	17.2228
01al03	2	5	2.0000	-15.3993	NaN	NaN	NaN	NaN	NaN	NaN	-26.1210	-31.4803	-19.0488	7.1946	18.4550	17.4661
01al03	2	6	8.0000	-16.1679	-16.1679	2.0000	1.0000	3.2112	0.3333	0.7506	-18.4181	-29.9713	-28.2607	13.3843	8.6892	21.0421
01al03	2	7	2.0000	-37.0403	-37.0403	3.0000	1.0000	3.7580	0.3333	0.7373	-18.4597	-30.1797	-28.0106	13.1195	8.8577	21.1384
01al03	3	1	8.0000	-43.4481	-43.4481	1.0000	1.0000	2.7148	0.8723	1.0633	-21.3335	-22.6040	-32.7125	20.2080	7.8022	15.1054
01al03	3	2	5.0000	-38.9361	-38.9361	2.0000	1.0000	2.2589	0.4557	1.1696	-31.1913	-26.6039	-18.8548	9.8979	21.4943	11.7234
01al03	3	3	8.0000	-16.3489	-16.3489	2.0000	1.0000	1.7303	0.7801	1.7975	-18.4579	-30.1713	-28.0208	13.1303	8.8507	21.1346
01al03	3	4	5.0000	-42.8468	-42.8468	1.0000	1.0000	2.2918	0.5567	1.7532	-22.5528	-21.3791	-32.7180	20.9184	8.5030	13.6942
01al03	3	5	2.0000	-20.3110	-20.3110	2.0000	1.0000	1.7962	0.6809	1.1651	-21.9372	-21.9628	-32.7500	20.5998	8.1291	14.3867
01al03	3	6	5.0000	-29.7142	NaN	NaN	NaN	NaN	NaN	NaN	-25.6965	-31.7109	-19.2427	7.1734	18.0980	17.8443
01al03	3	7	5.0000	-29.6297	-29.6297	3.0000	1.0000	2.4018	0.6330	2.3767	-19.2688	-25.6426	-31.7386	17.8914	7.1725	18.0518
