ID	block	trial_n	dim_onset	angle_correct	angle_chosen	choice	acc	tResp_1	conf_rating	tResp_2	x1	x2	x3	y1	y2	y3
07al03	1	1	2.0000	-25.7062	-18.1114	3.0000	0.0000	1.7356	0.7500	1.2829	-32.6253	-20.8570	-23.1676	15.7059	19.8323	7.5774
07al03	1	2	5.0000	-39.9170	-33.7015	2.0000	0.0000	1.8224	0.7801	1.6219	-28.2078	-30.0161	-18.4261	7.6804	20.0194	15.4159
07al03	1	3	2.0000	-40.9804	-40.9804	3.0000	1.0000	1.5635	0.5869	0.9296	-27.5188	-30.5633	-18.5679	7.4463	19.5397	16.1296
07al03	1	4	8.0000	-43.4316	-43.4316	3.0000	1.0000	1.5143	0.9220	1.2964	-22.5472	-32.7186	-21.3841	7.8279	15.0434	20.2443
07al03	1	5	8.0000	-15.2927	-39.5170	3.0000	0.0000	1.6448	0.8298	0.9621	-28.4342	-29.8211	-18.3947	7.7748	20.1682	15.1726
07al03	1	6	2.0000	-43.2156	-20.2394	3.0000	0.0000	1.9225	0.8652	0.9725	-32.7498	-21.9042	-21.9960	14.4249	20.5806	8.1101
07al03	2	1	5.0000	-15.1431	NaN	NaN	NaN	NaN	NaN	NaN	-18.5533	-27.5770	-30.5197	16.0709	7.4631	19.5817
07al03	2	2	5.0000	-39.1126	-17.7484	3.0000	0.0000	1.7909	0.9060	1.2374	-26.4611	-18.9092	-31.2797	21.5140	11.5899	10.0118
07al03	2	3	8.0000	-25.0080	-43.4834	3.0000	0.0000	1.6509	0.8138	1.0940	-22.7392	-32.6960	-21.2148	7.7432	15.2519	20.1205
07al03	2	4	8.0000	-17.8227	-17.8227	2.0000	1.0000	1.9958	0.5426	1.0487	-20.7017	-23.3643	-32.5840	19.6949	7.5117	15.9091
07al03	2	5	5.0000	-34.4981	-37.5653	3.0000	0.0000	3.7353	0.4362	1.7434	-18.5375	-30.4699	-27.6426	12.7395	9.1150	21.2611
07al03	2	6	8.0000	-40.6273	-32.9844	2.0000	0.0000	1.8952	0.8227	0.9496	-27.7640	-30.3763	-18.5097	7.5207	19.7148	15.8801
07al03	2	7	5.0000	-30.2635	-18.2484	1.0000	0.0000	1.9395	0.7535	0.9385	-31.5591	-25.9804	-19.1106	10.4056	21.5590	11.1510
07al03	3	1	8.0000	-18.0950	-18.0950	2.0000	1.0000	1.5312	0.8174	1.0635	-19.0471	-31.4781	-26.1247	11.2811	10.2856	21.5489
07al03	3	2	2.0000	-33.4698	-33.4698	2.0000	1.0000	1.6079	0.8404	1.0370	-27.2314	-18.6463	-30.7723	21.3728	12.3276	9.4153
07al03	3	3	2.0000	-16.3461	-16.3461	3.0000	1.0000	1.6857	0.8103	0.8758	-32.1877	-19.8155	-24.6468	17.1612	18.7256	7.2288
07al03	3	4	5.0000	-39.4771	-15.2995	2.0000	0.0000	2.0038	0.5550	1.2416	-18.3920	-28.4561	-29.8019	15.1489	7.7844	20.1823
07al03	3	5	5.0000	-37.1657	-16.4248	3.0000	0.0000	1.9126	0.7305	1.0821	-27.9241	-18.4763	-30.2496	21.1692	13.0293	8.9172
07al03	3	6	2.0000	-20.2891	-23.7325	3.0000	0.0000	1.4645	0.5567	0.9136	-21.9271	-21.9730	-32.7500	20.5940	8.1233	14.3984
