ID	block	trial_n	dim_onset	angle_correct	angle_chosen	choice	acc	tResp_1	conf_rating	tResp_2	x1	x2	x3	y1	y2	y3
02CS01	1	1	8.0000	-16.3040	NaN	NaN	NaN	NaN	NaN	NaN	-28.0792	-18.4474	-30.1234	21.1130	13.1916	8.8110
02CS01	1	2	2.0000	-29.1836	-40.1595	1.0000	0.0000	3.7169	0.8138	4.8946	-25.5635	-19.3079	-31.7786	21.5719	10.7836	10.7602
02CS01	1	3	2.0000	-37.0056	-37.0056	2.0000	1.0000	3.1247	0.7500	2.6333	-30.1603	-28.0344	-18.4554	8.8415	21.1297	13.1445
02CS01	1	4	5.0000	-26.1819	-26.1819	1.0000	1.0000	2.1140	0.9167	3.8807	-32.5613	-20.6262	-23.4625	16.0094	19.6251	7.4811
02CS01	1	5	8.0000	-34.1326	NaN	NaN	NaN	NaN	NaN	NaN	-28.4720	-29.7878	-18.3902	7.7915	20.1926	15.1316
02CS01	1	6	5.0000	-34.1350	-16.7786	2.0000	0.0000	5.7910	0.6135	3.0531	-18.5735	-30.5798	-27.4966	12.5918	9.2201	21.3037
02CS01	1	7	8.0000	-17.2437	-38.4582	3.0000	0.0000	3.2785	0.7837	1.6506	-18.7239	-30.9464	-26.9797	12.0817	9.6054	21.4285
02CS01	1	8	8.0000	-20.2110	NaN	NaN	NaN	NaN	NaN	NaN	-20.0247	-32.3105	-24.3148	9.7555	11.8950	21.4651
02CS01	1	9	8.0000	-16.3116	-43.3666	1.0000	0.0000	2.4684	0.4184	1.8428	-19.7920	-24.6855	-32.1725	18.6945	7.2240	17.1971
02CS01	2	1	2.0000	-20.8531	-41.8770	3.0000	0.0000	6.3816	0.6011	1.4644	-20.3560	-32.4652	-23.8289	9.3857	12.3668	21.3631
02CS01	2	2	8.0000	-30.4745	-30.4745	2.0000	1.0000	15.5515	0.7128	3.4125	-26.1808	-31.4460	-19.0232	7.1996	18.5043	17.4118
02CS01	2	3	8.0000	-43.5380	-43.5380	2.0000	1.0000	3.0967	0.5461	10.3664	-32.4104	-20.2275	-24.0120	16.5569	19.2207	7.3381
02CS01	2	4	8.0000	-35.4213	-37.8490	2.0000	0.0000	3.2156	0.5443	2.3441	-29.0523	-18.3509	-29.2468	20.6627	14.2596	8.1934
02CS01	2	5	5.0000	-16.3153	NaN	NaN	NaN	NaN	NaN	NaN	-24.6813	-32.1742	-19.7945	7.2245	17.1933	18.6979
02CS01	2	6	5.0000	-15.2584	NaN	NaN	NaN	NaN	NaN	NaN	-29.9243	-18.4102	-28.3155	20.0907	15.3007	7.7242
02CS01	2	7	5.0000	-27.5215	-40.8444	2.0000	0.0000	2.6286	0.3777	1.8995	-32.0764	-24.9203	-19.6534	11.3310	21.5443	10.2403
02CS01	2	8	5.0000	-28.9882	-15.8806	2.0000	0.0000	3.4124	0.5904	1.7819	-19.4787	-25.2339	-31.9374	18.2422	7.1788	17.6946
02CS01	3	1	5.0000	-30.9090	-30.9090	3.0000	1.0000	4.5023	0.5869	2.6934	-18.9108	-26.4570	-31.2822	17.1577	7.2292	18.7287
02CS01	3	2	5.0000	-41.0265	-41.0265	2.0000	1.0000	3.0111	0.5887	2.1843	-32.1509	-24.7399	-19.7593	11.4963	21.5262	10.0931
02CS01	3	3	8.0000	-34.5931	NaN	NaN	NaN	NaN	NaN	NaN	-18.3642	-28.7516	-29.5342	14.8237	7.9229	20.3691
02CS01	3	4	2.0000	-16.5031	-16.5031	2.0000	1.0000	3.1564	0.6986	1.4384	-19.9202	-24.4779	-32.2519	18.8602	7.2521	17.0033
02CS01	3	5	2.0000	-43.3822	-43.3822	3.0000	1.0000	2.8834	0.4663	6.1125	-22.3955	-32.7323	-21.5221	7.8997	14.8761	20.3398
02CS01	3	6	2.0000	-39.4082	NaN	NaN	NaN	NaN	NaN	NaN	-26.2167	-19.0081	-31.4252	21.5409	11.3647	10.2100
02CS01	3	7	8.0000	-36.4304	-36.3997	2.0000	0.0000	2.7932	0.8191	3.4521	-29.8169	-28.4390	-18.3941	8.5724	20.9668	13.5764
02CS01	3	8	2.0000	-22.7108	-42.8464	2.0000	0.0000	3.7309	0.7252	2.4810	-32.7180	-22.5535	-21.3785	13.6935	20.9187	8.5034
