ID	block	trial_n	dim_onset	angle_correct	angle_chosen	choice	acc	tResp_1	conf_rating	tResp_2	x1	x2	x3	y1	y2	y3
05CS02	1	1	8.0000	-36.4024	-36.4178	3.0000	0.0000	1.4526	0.7695	2.7248	-18.3955	-29.8273	-28.4272	13.5636	8.5801	20.9720
05CS02	1	2	2.0000	-42.7565	-15.5360	1.0000	0.0000	2.9523	0.4628	1.8414	-25.8156	-31.6484	-19.1861	7.1768	18.1994	17.7395
05CS02	1	3	2.0000	-26.8418	-43.5559	1.0000	0.0000	2.5560	0.7660	5.3834	-20.3233	-23.8748	-32.4519	19.3238	7.3695	16.4223
05CS02	1	4	5.0000	-42.4123	-42.4123	1.0000	1.0000	1.9773	0.5035	1.5677	-18.9964	-26.2445	-31.4090	17.3536	7.2055	18.5566
05CS02	1	5	8.0000	-16.8933	-37.9473	3.0000	0.0000	2.2512	0.4184	1.3605	-18.6085	-30.6765	-27.3650	12.4599	9.3163	21.3394
05CS02	1	6	2.0000	-43.1326	-43.1326	2.0000	1.0000	3.6418	0.3333	1.6864	-31.9462	-19.4890	-25.2148	17.6776	18.2583	7.1797
05CS02	2	1	5.0000	-20.3760	-43.1842	2.0000	0.0000	2.8472	0.4415	4.6311	-32.7500	-21.9671	-21.9330	14.3522	20.6171	8.1464
05CS02	2	2	8.0000	-35.0945	-35.0945	2.0000	1.0000	2.5381	0.3812	1.1229	-29.0526	-29.2465	-18.3509	8.0813	20.5505	14.4838
05CS02	2	3	8.0000	-23.6468	-43.1789	2.0000	0.0000	3.4554	0.4131	2.5069	-32.7499	-21.9777	-21.9224	14.3400	20.6232	8.1525
05CS02	2	4	5.0000	-42.9058	-21.4750	1.0000	0.0000	1.8073	0.3333	0.7037	-21.4636	-32.7270	-22.4594	8.4439	13.7969	20.8748
05CS02	2	5	2.0000	-33.7770	-37.9627	2.0000	0.0000	18.9380	0.3333	0.8094	-30.6848	-27.3536	-18.6116	9.3247	21.3423	12.4486
05CS02	2	6	2.0000	-43.5359	-43.5359	3.0000	1.0000	2.4538	0.6436	3.2744	-23.0046	-32.6554	-20.9900	7.6368	15.5350	19.9438
05CS02	3	1	5.0000	-36.9438	-36.0599	3.0000	0.0000	2.4459	0.4716	2.3319	-18.3715	-29.6209	-28.6576	13.8157	8.4332	20.8667
05CS02	3	2	5.0000	-15.6899	-35.5357	2.0000	0.0000	1.6687	0.4149	1.4097	-29.3144	-28.9831	-18.3525	8.2343	20.7007	14.1806
05CS02	3	3	5.0000	-42.7014	-15.5000	2.0000	0.0000	2.5498	0.5922	2.5119	-19.1516	-25.8899	-31.6085	17.6735	7.1799	18.2622
05CS02	3	4	2.0000	-15.1835	-33.3136	2.0000	0.0000	1.8684	0.6046	1.8431	-27.9684	-30.2140	-18.4677	7.5902	19.8571	15.6684
05CS02	3	5	8.0000	-16.5035	-27.7977	2.0000	0.0000	4.1770	0.6649	2.4684	-24.4776	-32.2520	-19.9204	7.2522	17.0030	18.8605
05CS02	3	6	8.0000	-31.9724	-41.4865	2.0000	0.0000	4.1929	0.5603	1.6525	-30.8434	-18.6766	-27.1300	19.2524	16.5158	7.3474
