ID	block	trial_n	dim_onset	angle_correct	angle_chosen	choice	acc	tResp_1	conf_rating	tResp_2	x1	x2	x3	y1	y2	y3
04CS01	1	1	5.0000	-41.8351	NaN	NaN	NaN	NaN	NaN	NaN	-31.0466	-18.7742	-26.8292	19.0224	16.8068	7.2864
04CS01	1	2	5.0000	-38.9417	-15.3999	3.0000	0.0000	7.8560	0.4184	3.5392	-29.5486	-18.3653	-28.7360	20.3594	14.8410	7.9152
04CS01	1	3	8.0000	-43.5687	-43.5687	1.0000	1.0000	2.4686	0.9096	1.9758	-20.7510	-23.3012	-32.5978	19.7393	7.5321	15.8442
04CS01	1	4	8.0000	-22.1501	-22.5435	3.0000	0.0000	3.0655	0.5674	1.7433	-32.6696	-22.9193	-21.0611	13.2990	21.0741	8.7425
04CS01	1	5	2.0000	-34.8036	-34.8036	3.0000	1.0000	2.5271	0.8316	1.5495	-18.3567	-28.8784	-29.4149	14.6816	7.9874	20.4466
04CS01	1	6	2.0000	-15.1588	NaN	NaN	NaN	NaN	NaN	NaN	-30.3595	-18.5050	-27.7855	19.7299	15.8580	7.5277
04CS01	1	7	5.0000	-40.0490	-40.0490	2.0000	1.0000	3.1412	0.8759	1.9877	-31.7282	-25.6627	-19.2590	10.6747	21.5710	10.8700
04CS01	1	8	2.0000	-18.4414	-39.8917	2.0000	0.0000	2.2964	0.8316	0.9480	-31.6556	-25.8020	-19.1924	10.5558	21.5675	10.9923
04CS01	2	1	5.0000	-32.7032	-32.7032	3.0000	1.0000	2.0353	0.8138	0.8762	-18.5505	-27.5887	-30.5109	16.0590	7.4665	19.5901
04CS01	2	2	8.0000	-39.7778	-39.7778	1.0000	1.0000	2.0032	0.8670	1.6753	-25.9015	-19.1463	-31.6022	21.5633	11.0805	10.4718
04CS01	2	3	2.0000	-30.0037	-30.0037	2.0000	1.0000	7.7431	0.6809	2.0864	-25.8800	-19.1562	-31.6138	21.5643	11.0615	10.4899
04CS01	2	4	5.0000	-15.1619	-41.5856	1.0000	0.0000	2.4026	0.6152	0.7589	-18.7022	-27.0476	-30.9002	16.5962	7.3294	19.1901
04CS01	2	5	5.0000	-43.2482	-16.0683	2.0000	0.0000	2.3811	0.6117	2.0310	-19.6202	-24.9781	-32.0516	18.4557	7.1946	17.4653
04CS01	2	6	8.0000	-38.2056	-35.1538	1.0000	0.0000	2.7597	0.8387	0.7853	-29.2116	-18.3504	-29.0880	20.5713	14.4432	8.1011
04CS01	3	1	5.0000	-29.0298	-29.0298	3.0000	1.0000	1.9618	0.6578	1.9165	-19.4645	-25.2603	-31.9252	18.2198	7.1777	17.7181
04CS01	3	2	2.0000	-27.1000	-27.1000	3.0000	1.0000	2.7896	0.3954	0.8052	-32.1443	-24.7562	-19.7495	11.4813	21.5280	10.1063
04CS01	3	3	8.0000	-20.9130	-41.9150	2.0000	0.0000	1.9951	0.6188	1.8831	-32.4777	-23.7848	-20.3875	12.4105	21.3521	9.3530
04CS01	3	4	8.0000	-42.6363	NaN	NaN	NaN	NaN	NaN	NaN	-21.1065	-32.6780	-22.8655	8.7066	13.3563	21.0527
04CS01	3	5	2.0000	-17.5045	-38.8068	3.0000	0.0000	1.7291	0.8723	1.1986	-18.8171	-31.1258	-26.7071	11.8207	9.8166	21.4783
04CS01	3	6	2.0000	-16.3660	-35.3734	2.0000	0.0000	5.6583	0.3333	0.6705	-27.9989	-18.4619	-30.1892	21.1426	13.1073	8.8657
04CS01	3	7	8.0000	-34.8948	-37.3388	2.0000	0.0000	2.0710	0.7748	0.9571	-30.3455	-27.8033	-18.5012	9.0013	21.2102	12.9041
