ID	block	trial_n	dim_onset	angle_correct	angle_chosen	choice	acc	tResp_1	conf_rating	tResp_2	x1	x2	x3	y1	y2	y3
06CS03	1	1	5.0000	-23.8123	NaN	NaN	NaN	NaN	NaN	NaN	-32.7495	-21.8803	-22.0202	14.4526	20.5665	8.0965
06CS03	1	2	5.0000	-31.2188	NaN	NaN	NaN	NaN	NaN	NaN	-18.8365	-26.6536	-31.1599	16.9736	7.2570	18.8851
06CS03	1	3	8.0000	-42.5500	NaN	NaN	NaN	NaN	NaN	NaN	-21.0051	-32.6586	-22.9863	8.7876	13.2280	21.1000
06CS03	1	4	8.0000	-17.1715	-38.3571	2.0000	0.0000	33.0014	0.8351	3.6543	-30.8936	-27.0573	-18.6991	9.5463	21.4123	12.1570
06CS03	1	5	2.0000	-42.1760	NaN	NaN	NaN	NaN	NaN	NaN	-18.8942	-26.4999	-31.2559	17.1178	7.2348	18.7631
06CS03	1	6	8.0000	-15.2526	-31.0797	3.0000	0.0000	16.6136	0.8599	2.2499	-18.8692	-26.5654	-31.2154	17.0565	7.2438	18.8153
06CS03	1	7	5.0000	-23.1587	-23.1587	1.0000	1.0000	1.5263	0.8546	2.7186	-20.8492	-32.6234	-23.1774	8.9182	13.0277	21.1697
06CS03	1	8	5.0000	-19.5770	NaN	NaN	NaN	NaN	NaN	NaN	-32.1181	-24.8205	-19.7115	11.4222	21.5348	10.1586
06CS03	1	9	8.0000	-20.9549	-24.5677	2.0000	0.0000	0.8239	0.8777	0.9878	-23.7541	-20.4097	-32.4863	21.3443	9.3304	12.4410
06CS03	1	10	2.0000	-37.5329	NaN	NaN	NaN	NaN	NaN	NaN	-18.5320	-30.4522	-27.6658	12.7632	9.0985	21.2540
06CS03	1	11	5.0000	-36.4230	-36.3944	1.0000	0.0000	2.7417	0.4344	1.6515	-18.3959	-29.8302	-28.4238	13.5599	8.5823	20.9735
06CS03	1	12	2.0000	-24.4697	-19.3963	2.0000	0.0000	1.7919	0.8085	3.0036	-21.5061	-22.4129	-32.7309	20.3290	7.8912	14.8954
06CS03	2	1	8.0000	-35.5213	-37.7124	2.0000	0.0000	3.9401	0.8865	2.0047	-28.9919	-18.3523	-29.3059	20.6959	14.1906	8.2291
06CS03	2	2	2.0000	-15.1433	-41.3004	2.0000	0.0000	2.4028	0.7518	2.6255	-30.7386	-18.6326	-27.2788	19.3637	16.3694	7.3825
06CS03	2	3	5.0000	-36.8237	-16.2442	3.0000	0.0000	4.4136	0.8191	11.8000	-28.1579	-18.4341	-30.0580	21.0830	13.2748	8.7578
06CS03	2	4	8.0000	-37.4368	-16.5784	2.0000	0.0000	8.3894	0.5585	1.3893	-18.5164	-30.3995	-27.7341	12.8330	9.0500	21.2326
06CS03	2	5	5.0000	-34.9026	-15.4882	1.0000	0.0000	14.1833	0.4965	2.3306	-28.9379	-29.3580	-18.3541	8.0187	20.4824	14.6144
06CS03	2	6	5.0000	-21.6470	-23.3608	2.0000	0.0000	4.8594	0.5195	70.9970	-23.2613	-20.7824	-32.6063	21.1984	8.9765	12.9407
06CS03	3	1	2.0000	-29.5628	-15.6507	1.0000	0.0000	4.9380	0.4929	1.0241	-25.6000	-31.7602	-19.2898	7.1720	18.0151	17.9285
06CS03	3	2	2.0000	-15.2669	-15.2669	3.0000	1.0000	2.1106	0.5461	10.7359	-31.2483	-18.8894	-26.5123	18.7729	17.1062	7.2365
06CS03	3	3	2.0000	-31.1274	NaN	NaN	NaN	NaN	NaN	NaN	-26.5956	-31.1965	-18.8579	7.2482	18.8392	17.0282
06CS03	3	4	2.0000	-16.4660	-43.4227	1.0000	0.0000	4.3924	0.4894	1.1527	-19.8958	-24.5168	-32.2374	18.8294	7.2464	17.0398
06CS03	3	5	5.0000	-39.2254	-39.2254	2.0000	1.0000	2.8859	0.4840	1.1590	-29.6819	-18.3776	-28.5905	20.2683	15.0020	7.8453
06CS03	3	6	8.0000	-30.8028	-30.8028	2.0000	1.0000	2.8871	0.4911	1.9581	-26.1888	-19.0198	-31.4414	21.5435	11.3393	10.2328
06CS03	3	7	2.0000	-36.2093	NaN	NaN	NaN	NaN	NaN	NaN	-29.7074	-28.5622	-18.3804	8.4934	20.9115	13.7107
06CS03	3	8	2.0000	-41.1788	-26.6633	2.0000	0.0000	1.8580	0.8493	1.4534	-24.5856	-19.8530	-32.2114	21.5070	9.9691	11.6395
