ID	block	trial_n	dim_onset	angle_correct	angle_chosen	choice	acc	tResp_1	conf_rating	tResp_2	x1	x2	x3	y1	y2	y3
01LF03	1	1	8.0000	-15.8969	-15.8969	2.0000	1.0000	2.0562	0.4628	0.8272	-18.3722	-29.6278	-28.6500	13.8073	8.4380	20.8703
01LF03	1	2	8.0000	-38.3302	-33.0813	3.0000	0.0000	2.3730	0.6348	0.8039	-30.8795	-27.0778	-18.6927	9.5308	21.4079	12.1769
01LF03	1	3	5.0000	-15.3089	NaN	NaN	NaN	NaN	NaN	NaN	-18.9444	-26.3720	-31.3336	17.2365	7.2190	18.6602
01LF03	1	4	2.0000	-24.0686	NaN	NaN	NaN	NaN	NaN	NaN	-22.1725	-32.7455	-21.7320	8.0132	14.6262	20.4762
01LF03	1	5	8.0000	-16.3113	-28.1263	3.0000	0.0000	1.6760	0.6348	0.9986	-19.7918	-24.6858	-32.1724	18.6943	7.2239	17.1974
01LF03	1	6	5.0000	-42.5076	-42.5076	1.0000	1.0000	1.6316	0.6046	0.8962	-23.0443	-20.9573	-32.6485	21.1218	8.8269	13.1669
01LF03	1	7	5.0000	-42.8661	NaN	NaN	NaN	NaN	NaN	NaN	-31.7301	-19.2608	-25.6591	18.0659	17.8770	7.1727
01LF03	1	8	2.0000	-25.9271	-25.9271	2.0000	1.0000	1.8900	0.6667	0.5032	-24.2962	-20.0368	-32.3170	21.4619	9.7410	11.9127
01LF03	1	9	5.0000	-18.3571	-18.3571	2.0000	1.0000	1.7964	0.6472	0.5985	-20.9861	-23.0093	-32.6546	19.9406	7.6351	15.5400
01LF03	2	1	2.0000	-35.4154	NaN	NaN	NaN	NaN	NaN	NaN	-29.2433	-29.0558	-18.3508	8.1913	20.6607	14.2636
01LF03	2	2	2.0000	-30.5338	NaN	NaN	NaN	NaN	NaN	NaN	-31.4242	-19.0073	-26.2185	18.5352	17.3774	7.2030
01LF03	2	3	5.0000	-15.6786	-15.6786	1.0000	1.0000	2.1638	0.3706	0.7972	-29.2956	-29.0024	-18.3520	8.2228	20.6902	14.2026
01LF03	2	4	8.0000	-31.3513	-15.2121	3.0000	0.0000	1.8485	0.6383	0.6797	-31.1062	-18.8062	-26.7376	18.9510	16.8941	7.2705
01LF03	2	5	8.0000	-41.8181	-41.8181	3.0000	1.0000	1.6515	0.6383	0.8429	-26.8446	-31.0365	-18.7689	7.2892	19.0343	16.7921
01LF03	2	6	2.0000	-28.7194	-16.0037	3.0000	0.0000	1.6595	0.6277	0.6182	-32.0147	-19.5726	-25.0627	17.5416	18.3856	7.1884
01LF03	2	7	2.0000	-17.7906	-17.7906	2.0000	1.0000	1.6866	0.6667	0.4579	-20.6842	-23.3869	-32.5789	19.6789	7.5045	15.9323
01LF03	2	8	2.0000	-43.3011	-43.3011	1.0000	1.0000	1.8701	0.6667	0.3409	-19.6909	-24.8555	-32.1036	18.5565	7.2054	17.3536
01LF03	3	1	5.0000	-27.4838	NaN	NaN	NaN	NaN	NaN	NaN	-19.6619	-32.0826	-24.9056	10.2282	11.3444	21.5430
01LF03	3	2	2.0000	-38.0605	NaN	NaN	NaN	NaN	NaN	NaN	-29.1465	-18.3500	-29.1535	20.6093	14.3678	8.1385
01LF03	3	3	8.0000	-27.6550	-27.6550	1.0000	1.0000	1.3057	1.0000	0.9220	-19.6237	-32.0542	-24.9721	10.2830	11.2840	21.5486
01LF03	3	4	2.0000	-17.3150	NaN	NaN	NaN	NaN	NaN	NaN	-20.4172	-23.7437	-32.4891	19.4211	7.4021	16.2924
01LF03	3	5	5.0000	-16.0565	NaN	NaN	NaN	NaN	NaN	NaN	-18.3970	-29.8375	-28.4156	13.5509	8.5876	20.9771
01LF03	3	6	5.0000	-36.3450	-16.0153	2.0000	0.0000	1.7650	0.4574	1.2803	-18.3899	-29.7855	-28.4746	13.6151	8.5494	20.9511
01LF03	3	7	5.0000	-37.9968	NaN	NaN	NaN	NaN	NaN	NaN	-29.1819	-29.1180	-18.3501	8.1550	20.6256	14.3350
01LF03	3	8	2.0000	-41.7258	NaN	NaN	NaN	NaN	NaN	NaN	-24.0006	-20.2354	-32.4140	21.4032	9.5144	12.1980
01LF03	3	9	2.0000	-22.2531	-22.2531	2.0000	1.0000	1.9055	0.7589	0.8225	-21.1189	-32.6802	-22.8509	8.6969	13.3719	21.0468
01LF03	3	10	5.0000	-42.9430	-42.9430	2.0000	1.0000	1.6537	0.6649	0.6078	-31.7897	-19.3189	-25.5414	17.9645	17.9793	7.1719
01LF03	3	11	5.0000	-39.4779	-34.1058	1.0000	0.0000	1.6556	0.5089	0.8548	-29.8023	-18.3921	-28.4556	20.1821	15.1493	7.7842
