ID	block	trial_n	dim_onset	angle_correct	angle_chosen	choice	acc	tResp_1	conf_rating	tResp_2	x1	x2	x3	y1	y2	y3
04AL01	1	1	2.0000	-31.1766	-31.1766	3.0000	1.0000	17.2337	0.7695	9.5305	-18.8463	-26.6268	-31.1768	16.9988	7.2529	18.8639
04AL01	1	2	2.0000	-43.2573	-43.2573	3.0000	1.0000	2.9486	0.9113	17.3150	-22.0848	-32.7483	-21.8168	8.0606	14.5266	20.5285
04AL01	1	3	5.0000	-27.7995	-27.7995	3.0000	1.0000	7.7986	0.3333	13.0817	-19.9197	-24.4787	-32.2516	18.8596	7.2520	17.0040
04AL01	1	4	8.0000	-22.7704	-22.7704	2.0000	1.0000	3.1799	0.6011	2.5775	-21.4127	-32.7218	-22.5156	8.4793	13.7351	20.9012
04AL01	1	5	5.0000	-18.2731	-39.7133	3.0000	0.0000	3.0154	0.8032	2.2135	-19.1209	-31.5717	-25.9573	11.1304	10.4249	21.5603
04AL01	1	6	8.0000	-18.2126	-43.5496	1.0000	0.0000	6.4652	0.4539	18.9166	-20.9105	-23.1015	-32.6380	19.8778	7.6010	15.6368
04AL01	2	1	5.0000	-34.3760	-34.3760	3.0000	1.0000	3.9461	0.5106	2.5657	-18.3748	-28.6201	-29.6550	14.9694	7.8592	20.2870
04AL01	2	2	8.0000	-34.2489	-39.3157	3.0000	0.0000	4.3258	0.3989	7.7367	-28.5429	-29.7247	-18.3824	7.8234	20.2380	15.0542
04AL01	2	3	5.0000	-43.2790	-16.1236	2.0000	0.0000	2.4309	0.3333	1.5638	-19.6603	-24.9083	-32.0814	18.5133	7.2005	17.4018
04AL01	2	4	2.0000	-15.1760	-33.2364	3.0000	0.0000	2.5188	0.7730	10.7107	-18.4770	-27.9205	-30.2525	15.7182	7.5733	19.8241
04AL01	2	5	8.0000	-42.1825	-23.8545	3.0000	0.0000	1.6474	0.4965	1.3975	-32.5609	-23.4644	-20.6247	12.7324	21.2632	9.1200
04AL01	2	6	8.0000	-29.1729	-29.1729	1.0000	1.0000	1.6894	0.4362	28.2098	-31.8823	-19.4162	-25.3515	17.7986	18.1424	7.1746
04AL01	3	1	2.0000	-35.7810	-37.3486	1.0000	0.0000	3.5979	0.3333	1.2971	-18.3591	-29.4584	-28.8325	14.0105	8.3250	20.7801
04AL01	3	2	2.0000	-39.9912	-33.6304	3.0000	0.0000	2.3277	0.6560	10.1022	-18.4331	-28.1641	-30.0529	15.4624	7.6632	19.9901
04AL01	3	3	2.0000	-38.9349	-38.9349	3.0000	1.0000	2.4978	0.4309	4.7313	-18.8545	-31.1907	-26.6048	11.7242	9.8972	21.4942
04AL01	3	4	5.0000	-23.3341	-20.8125	1.0000	0.0000	3.4645	0.3333	1.0133	-21.7389	-32.7458	-22.1653	8.2633	14.1256	20.7267
04AL01	3	5	5.0000	-35.0969	-37.2211	1.0000	0.0000	1.7046	0.5195	2.8573	-27.8856	-18.4840	-30.2804	21.1825	12.9893	8.9438
04AL01	3	6	8.0000	-27.6539	-43.4599	2.0000	0.0000	2.0312	0.5195	4.5643	-32.2852	-19.9783	-24.3865	16.9170	18.9321	7.2665
