ID	block	trial_n	dim_onset	angle_correct	angle_chosen	choice	acc	tResp_1	conf_rating	tResp_2	x1	x2	x3	y1	y2	y3
02al04	1	1	8.0000	-33.4965	NaN	NaN	NaN	NaN	NaN	NaN	-28.0815	-30.1215	-18.4470	7.6316	19.9344	15.5497
02al04	1	2	8.0000	-17.5620	NaN	NaN	NaN	NaN	NaN	NaN	-18.8384	-31.1633	-26.6483	11.7652	9.8629	21.4876
02al04	1	3	2.0000	-42.4414	-42.4414	2.0000	1.0000	2.3246	0.9255	1.2269	-32.6320	-23.1330	-20.8849	13.0739	21.1541	8.8876
02al04	1	4	5.0000	-27.2401	NaN	NaN	NaN	NaN	NaN	NaN	-24.1253	-32.3744	-20.1503	7.3142	16.6669	19.1345
02al04	1	5	5.0000	-39.9141	NaN	NaN	NaN	NaN	NaN	NaN	-30.0147	-18.4258	-28.2095	20.0205	15.4141	7.6811
02al04	1	6	8.0000	-15.6060	NaN	NaN	NaN	NaN	NaN	NaN	-29.1688	-29.1311	-18.3500	8.1474	20.6181	14.3501
02al04	1	7	8.0000	-41.7037	NaN	NaN	NaN	NaN	NaN	NaN	-30.9689	-18.7349	-26.9463	19.1127	16.6943	7.3086
02al04	1	8	8.0000	-40.5837	NaN	NaN	NaN	NaN	NaN	NaN	-25.1712	-19.5127	-31.9662	21.5619	10.4488	11.1049
02al04	1	9	5.0000	-31.0483	NaN	NaN	NaN	NaN	NaN	NaN	-31.3860	-26.2839	-18.9801	10.1551	21.5344	11.4262
02al04	1	10	5.0000	-31.2496	NaN	NaN	NaN	NaN	NaN	NaN	-26.6731	-31.1475	-18.8294	7.2600	18.9005	16.9552
02al04	1	11	8.0000	-23.2546	NaN	NaN	NaN	NaN	NaN	NaN	-21.6925	-32.7437	-22.2138	8.2924	14.0709	20.7523
02al04	1	12	8.0000	-31.4858	-31.4858	1.0000	1.0000	2.3745	0.9397	4.3373	-31.0508	-18.7764	-26.8227	19.0174	16.8130	7.2853
02al04	1	13	8.0000	-41.3832	-41.3832	1.0000	1.0000	2.7442	0.9291	2.3173	-24.3730	-19.9870	-32.2900	21.4750	9.8010	11.8396
02al04	1	14	5.0000	-18.0445	NaN	NaN	NaN	NaN	NaN	NaN	-20.8215	-23.2121	-32.6165	19.8015	7.5620	15.7521
02al04	1	15	5.0000	-39.7883	NaN	NaN	NaN	NaN	NaN	NaN	-19.1505	-31.6072	-25.8923	11.0724	10.4795	21.5637
02al04	1	16	8.0000	-25.8767	NaN	NaN	NaN	NaN	NaN	NaN	-20.0498	-32.3239	-24.2763	9.7256	11.9317	21.4583
02al04	2	1	5.0000	-29.6575	NaN	NaN	NaN	NaN	NaN	NaN	-31.7295	-19.2602	-25.6603	18.0670	17.8759	7.1727
02al04	2	2	8.0000	-43.2889	NaN	NaN	NaN	NaN	NaN	NaN	-24.8849	-32.0913	-19.6739	7.2027	17.3804	18.5325
02al04	2	3	2.0000	-15.2619	NaN	NaN	NaN	NaN	NaN	NaN	-31.2372	-18.8825	-26.5303	18.7873	17.0894	7.2389
02al04	2	4	2.0000	-20.8872	NaN	NaN	NaN	NaN	NaN	NaN	-20.3739	-32.4723	-23.8038	9.3671	12.3916	21.3569
02al04	2	5	8.0000	-32.3317	NaN	NaN	NaN	NaN	NaN	NaN	-31.0766	-26.7833	-18.7901	9.7570	21.4655	11.8932
02al04	2	6	2.0000	-15.1775	NaN	NaN	NaN	NaN	NaN	NaN	-30.9800	-18.7403	-26.9297	19.1000	16.7103	7.3053
02al04	3	1	8.0000	-35.6703	-15.7387	2.0000	0.0000	2.3937	0.5922	3.1181	-18.3556	-29.3935	-28.9008	14.0874	8.2836	20.7446
02al04	3	2	2.0000	-19.1302	-40.5596	1.0000	0.0000	2.6892	0.5514	2.3044	-25.1940	-19.5002	-31.9557	21.5631	10.4680	11.0845
02al04	3	3	5.0000	-25.7979	-18.0264	3.0000	0.0000	3.3031	0.3936	1.5593	-32.6140	-20.8118	-23.2242	15.7647	19.7931	7.5579
02al04	3	4	2.0000	-23.2678	-23.2678	2.0000	1.0000	2.1331	1.0000	1.5452	-21.7002	-32.7441	-22.2057	8.2875	14.0800	20.7481
02al04	3	5	5.0000	-24.4179	-24.4179	3.0000	1.0000	2.6135	0.7660	1.2311	-21.5348	-22.3818	-32.7334	20.3484	7.9064	14.8609
02al04	3	6	5.0000	-21.7157	-42.8393	1.0000	0.0000	2.7581	0.9255	1.9368	-22.5645	-21.3687	-32.7168	20.9237	8.5104	13.6815
