ID	block	trial_n	dim_onset	angle_correct	angle_chosen	choice	acc	tResp_1	conf_rating	tResp_2	x1	x2	x3	y1	y2	y3
02CS02	1	1	2.0000	-42.1243	-42.1243	3.0000	1.0000	5.6447	0.7837	7.2571	-20.5706	-32.5435	-23.5358	9.1713	12.6599	21.2844
02CS02	1	2	5.0000	-17.2763	-17.2763	3.0000	1.0000	2.5579	0.7872	2.0363	-26.9451	-18.7352	-30.9697	21.4354	12.0483	9.6319
02CS02	1	3	8.0000	-39.0643	-34.4646	2.0000	0.0000	3.2632	0.7872	1.9644	-28.6739	-29.6060	-18.3701	7.8849	20.3207	14.9100
02CS02	1	4	5.0000	-18.8359	-18.8359	1.0000	1.0000	2.5369	0.7465	2.4076	-31.8354	-25.4487	-19.3659	10.8599	21.5712	10.6845
02CS02	1	5	5.0000	-38.0656	-38.0656	3.0000	1.0000	3.2241	0.7766	1.5662	-18.6331	-30.7397	-27.2772	12.3728	9.3812	21.3616
02CS02	1	6	8.0000	-38.9290	-17.6002	1.0000	0.0000	2.7991	0.5904	2.7796	-31.1877	-26.6096	-18.8527	9.8935	21.4935	11.7287
02CS02	2	1	2.0000	-15.1444	-15.1444	2.0000	1.0000	2.4108	0.7287	1.6345	-18.6392	-27.2561	-30.7548	16.3918	7.3769	19.3469
02CS02	2	2	8.0000	-38.7595	NaN	NaN	NaN	NaN	NaN	NaN	-29.4641	-18.3594	-28.8265	20.4151	14.7400	7.9606
02CS02	2	3	5.0000	-29.0095	-43.1152	1.0000	0.0000	2.8803	0.5496	3.2981	-19.4714	-25.2474	-31.9312	18.2307	7.1782	17.7067
02CS02	2	4	2.0000	-19.0879	-43.4410	3.0000	0.0000	2.4960	0.8316	5.0160	-22.5791	-32.7153	-21.3556	7.8134	15.0783	20.2240
02CS02	2	5	8.0000	-25.5744	-25.5744	1.0000	1.0000	2.3935	0.8635	1.9178	-32.6408	-20.9229	-23.0863	15.6209	19.8882	7.6065
02CS02	2	6	5.0000	-23.0658	-42.4372	1.0000	0.0000	2.4994	0.7110	1.9789	-23.1387	-20.8804	-32.6310	21.1561	8.8915	13.0680
02CS02	2	7	8.0000	-22.2907	-22.2907	1.0000	1.0000	5.1903	0.5869	3.2226	-21.1521	-32.6859	-22.8119	8.6711	13.4136	21.0309
02CS02	3	1	8.0000	-15.1577	-33.0023	3.0000	0.0000	3.4248	0.8723	1.7201	-18.5073	-27.7751	-30.3676	15.8686	7.5243	19.7227
02CS02	3	2	8.0000	-19.1381	-19.1381	2.0000	1.0000	3.1094	0.7855	2.3191	-19.5039	-31.9588	-25.1873	10.4623	11.0905	21.5627
02CS02	3	3	2.0000	-20.4229	-20.4229	3.0000	1.0000	2.9239	0.9025	2.7047	-24.1516	-20.1325	-32.3658	21.4348	9.6294	12.0514
02CS02	3	4	5.0000	-37.1626	-37.1626	2.0000	1.0000	2.2106	0.7447	3.1509	-30.2479	-27.9262	-18.4759	8.9157	21.1685	13.0315
02CS02	3	5	2.0000	-40.6378	NaN	NaN	NaN	NaN	NaN	NaN	-19.5409	-31.9893	-25.1198	10.4057	11.1509	21.5590
02CS02	3	6	2.0000	-43.2951	-43.2951	3.0000	1.0000	2.8367	0.8706	1.5249	-24.8702	-32.0974	-19.6824	7.2040	17.3670	18.5446
02CS02	3	7	2.0000	-35.0882	NaN	NaN	NaN	NaN	NaN	NaN	-29.0489	-29.2502	-18.3509	8.0792	20.5483	14.4881
02CS02	3	8	2.0000	-38.4360	NaN	NaN	NaN	NaN	NaN	NaN	-30.9348	-26.9968	-18.7184	9.5923	21.4250	12.0983
02CS02	3	9	2.0000	-25.5087	NaN	NaN	NaN	NaN	NaN	NaN	-23.0458	-32.6482	-20.9560	7.6214	15.5784	19.9158
02CS02	3	10	2.0000	-17.6947	-17.6947	1.0000	1.0000	2.8989	0.8617	1.8130	-23.4555	-32.5630	-20.6315	7.4832	16.0023	19.6300
