ID	block	trial_n	dim_onset	angle_correct	angle_chosen	choice	acc	tResp_1	conf_rating	tResp_2	x1	x2	x3	y1	y2	y3
04LF03	1	1	2.0000	-17.0944	-43.5500	2.0000	0.0000	1.5937	0.6489	0.7730	-32.4370	-20.2881	-23.9248	16.4715	19.2864	7.3577
04LF03	1	2	8.0000	-43.5614	NaN	NaN	NaN	NaN	NaN	NaN	-23.8207	-32.4675	-20.3618	7.3826	16.3689	19.3641
04LF03	1	3	8.0000	-24.3128	-24.3128	3.0000	1.0000	2.6748	0.8670	1.6025	-21.5935	-22.3186	-32.7378	20.3874	7.9377	14.7905
04LF03	1	4	2.0000	-16.3648	-43.3874	2.0000	0.0000	1.7244	0.8457	1.0703	-32.1958	-19.8281	-24.6261	17.1420	18.7423	7.2314
04LF03	1	5	8.0000	-17.9478	NaN	NaN	NaN	NaN	NaN	NaN	-20.7695	-23.2776	-32.6029	19.7559	7.5399	15.8199
04LF03	1	6	5.0000	-42.2687	-42.2687	1.0000	1.0000	1.8281	0.9060	1.2974	-18.9321	-26.4028	-31.3151	17.2080	7.2226	18.6851
04LF03	1	7	8.0000	-33.5259	-33.5259	2.0000	1.0000	1.9347	0.9309	1.5089	-27.2537	-18.6398	-30.7564	21.3674	12.3496	9.3987
04LF03	1	8	8.0000	-15.3034	-15.3034	3.0000	1.0000	1.8653	0.9167	0.9964	-31.3233	-18.9375	-26.3892	18.6741	17.2206	7.2209
04LF03	2	1	5.0000	-23.6442	-23.6442	3.0000	1.0000	2.5462	0.8794	1.2318	-21.9792	-21.9208	-32.7499	20.6240	8.1534	14.3382
04LF03	2	2	8.0000	-17.7739	-17.7739	3.0000	1.0000	3.3309	0.9184	1.2476	-26.4359	-18.9191	-31.2951	21.5172	11.5664	10.0320
04LF03	2	3	2.0000	-38.9110	-38.9110	2.0000	1.0000	2.0312	0.5337	1.0632	-29.5343	-18.3642	-28.7515	20.3690	14.8238	7.9228
04LF03	2	4	2.0000	-38.6755	-38.6755	2.0000	1.0000	1.5133	0.8227	1.0142	-31.0587	-26.8107	-18.7806	9.7357	21.4606	11.9193
04LF03	2	5	2.0000	-32.2631	-32.2631	3.0000	1.0000	1.5632	0.8404	1.1817	-31.0940	-26.7565	-18.7995	9.7779	21.4701	11.8676
04LF03	2	6	5.0000	-40.3517	-40.3517	2.0000	1.0000	1.8120	0.9610	1.2162	-30.2342	-18.4725	-27.9433	19.8398	15.6946	7.5813
04LF03	3	1	8.0000	-31.6728	NaN	NaN	NaN	NaN	NaN	NaN	-31.2396	-26.5263	-18.8840	9.9596	21.5054	11.6506
04LF03	3	2	8.0000	-21.9866	-42.5188	1.0000	0.0000	1.7856	0.3599	2.4259	-23.0290	-20.9698	-32.6512	21.1161	8.8165	13.1830
04LF03	3	3	5.0000	-34.8605	-34.8605	3.0000	1.0000	0.8413	0.9592	1.0531	-18.3551	-28.9126	-29.3823	14.6430	8.0053	20.4673
04LF03	3	4	5.0000	-38.2288	-17.0819	3.0000	0.0000	1.3716	0.5621	1.2570	-27.1547	-18.6691	-30.8262	21.3908	12.2522	9.4727
04LF03	3	5	2.0000	-43.1364	-43.1364	2.0000	1.0000	1.6254	0.9344	1.1363	-32.7489	-22.0595	-21.8416	14.2461	20.6692	8.2003
04LF03	3	6	5.0000	-15.1502	NaN	NaN	NaN	NaN	NaN	NaN	-30.8166	-18.6650	-27.1685	19.2814	16.4781	7.3561
04LF03	3	7	8.0000	-16.7947	-37.7934	1.0000	0.0000	2.2592	0.3387	2.4356	-27.4779	-18.5784	-30.5938	21.3090	12.5729	9.2337
04LF03	3	8	5.0000	-36.6066	-36.6066	2.0000	1.0000	2.2402	0.4433	1.6214	-28.5136	-18.3855	-29.7508	20.9336	13.6576	8.5244
