ID	block	trial_n	dim_onset	angle_correct	angle_chosen	choice	acc	tResp_1	conf_rating	tResp_2	x1	x2	x3	y1	y2	y3
04LF01	1	1	8.0000	-43.1064	-29.0352	3.0000	0.0000	2.9421	0.8103	3.0030	-19.4627	-25.2638	-31.9236	18.2169	7.1776	17.7212
04LF01	1	2	2.0000	-37.0415	-37.0415	3.0000	1.0000	5.0557	0.5479	1.2554	-18.4599	-30.1804	-28.0097	13.1187	8.8583	21.1387
04LF01	1	3	5.0000	-18.3742	-25.4318	2.0000	0.0000	7.4336	0.5053	3.4449	-22.9986	-32.6565	-20.9949	7.6391	15.5287	19.9479
04LF01	1	4	5.0000	-37.3700	-16.5397	2.0000	0.0000	2.5283	0.6330	2.1462	-18.5059	-30.3627	-27.7813	12.8815	9.0167	21.2174
04LF01	1	5	8.0000	-32.6626	-17.3066	3.0000	0.0000	2.3171	0.7571	2.2779	-26.9130	-18.7459	-30.9911	21.4417	12.0173	9.6566
04LF01	1	6	2.0000	-24.3264	-19.5622	2.0000	0.0000	5.3976	0.4894	2.0146	-21.5859	-22.3268	-32.7373	20.3824	7.9336	14.7996
04LF01	2	1	8.0000	-43.2168	-43.2168	1.0000	1.0000	2.1989	0.7943	1.6620	-19.5818	-25.0462	-32.0220	18.3994	7.1895	17.5267
04LF01	2	2	5.0000	-26.2667	-26.2667	1.0000	1.0000	3.6849	0.4947	3.0437	-32.5486	-20.5862	-23.5153	16.0630	19.5873	7.4654
04LF01	2	3	8.0000	-22.0633	-22.0633	2.0000	1.0000	2.8797	0.8635	1.7650	-21.0126	-32.6601	-22.9773	8.7815	13.2375	21.0966
04LF01	2	4	2.0000	-21.9388	-42.4950	1.0000	0.0000	2.7741	0.8617	1.9044	-23.0613	-20.9433	-32.6454	21.1281	8.8385	13.1490
04LF01	2	5	2.0000	-40.6585	-40.6585	1.0000	1.0000	2.6940	0.7819	2.1175	-25.1000	-19.5518	-31.9982	21.5578	10.3892	11.1686
04LF01	2	6	8.0000	-15.1535	NaN	NaN	NaN	NaN	NaN	NaN	-18.6770	-27.1286	-30.8444	16.5172	7.3471	19.2514
04LF01	2	7	8.0000	-17.7257	-17.7257	1.0000	1.0000	2.3648	0.6489	2.0965	-31.2659	-26.4837	-18.9004	9.9936	21.5111	11.6109
04LF01	3	1	5.0000	-33.6062	-38.0543	2.0000	0.0000	2.3228	0.5674	1.5559	-30.7337	-27.2856	-18.6307	9.3750	21.3596	12.3811
04LF01	3	2	5.0000	-15.4731	-34.8488	2.0000	0.0000	2.2878	0.7057	3.3242	-28.9056	-29.3890	-18.3554	8.0016	20.4630	14.6510
04LF01	3	3	5.0000	-18.4949	-39.9471	2.0000	0.0000	2.0210	0.7748	1.1904	-31.6813	-25.7532	-19.2155	10.5973	21.5690	10.9493
04LF01	3	4	8.0000	-26.2750	-26.2750	2.0000	1.0000	2.8980	0.7677	1.4469	-23.5204	-32.5473	-20.5823	7.4639	16.0682	19.5836
04LF01	3	5	2.0000	-15.3515	-34.3590	2.0000	0.0000	2.2453	0.7465	1.2661	-28.6098	-29.6644	-18.3758	7.8544	20.2805	14.9807
04LF01	3	6	2.0000	-36.9280	-36.9280	2.0000	1.0000	2.8323	0.4521	1.6135	-28.6508	-18.3721	-29.6271	20.8700	13.8082	8.4375
