ID	block	trial_n	dim_onset	angle_correct	angle_chosen	choice	acc	tResp_1	conf_rating	tResp_2	x1	x2	x3	y1	y2	y3
01cs01	1	1	8.0000	-35.6044	-16.2926	1.0000	0.0000	10.1089	0.4167	7.9688	-30.1111	-28.0941	-18.4448	8.8009	21.1074	13.2073
01cs01	1	2	2.0000	-15.1511	NaN	NaN	NaN	NaN	NaN	NaN	-27.7040	-30.4228	-18.5232	7.5016	19.6724	15.9416
01cs01	1	3	5.0000	-43.5748	NaN	NaN	NaN	NaN	NaN	NaN	-32.5296	-20.5293	-23.5911	16.1396	19.5326	7.4435
01cs01	1	4	8.0000	-17.4249	-17.4249	3.0000	1.0000	5.9160	0.5053	4.7633	-32.5124	-20.4802	-23.6574	16.2063	19.4843	7.4251
01cs01	1	5	5.0000	-43.5754	-43.5754	2.0000	1.0000	4.9501	0.5177	6.0297	-32.5389	-20.5567	-23.5544	16.1026	19.5591	7.4540
01cs01	1	6	8.0000	-32.7457	-38.5023	2.0000	0.0000	3.5490	0.5887	2.9635	-30.9693	-26.9456	-18.7351	9.6315	21.4353	12.0488
01cs01	1	7	2.0000	-39.6308	-33.9679	2.0000	0.0000	2.7338	0.5691	3.4449	-28.3713	-29.8761	-18.4026	7.7477	20.1273	15.2406
01cs01	1	8	5.0000	-21.4235	-21.4235	1.0000	1.0000	7.9996	0.5408	5.4145	-21.4842	-32.7290	-22.4369	8.4297	13.8218	20.8641
01cs01	2	1	8.0000	-43.4165	NaN	NaN	NaN	NaN	NaN	NaN	-21.4281	-22.4985	-32.7234	20.2752	7.8505	14.9899
01cs01	2	2	5.0000	-24.6815	-24.6815	3.0000	1.0000	2.4827	0.6383	3.9967	-32.4734	-23.8000	-20.3766	12.3954	21.3560	9.3643
01cs01	2	3	8.0000	-35.5187	NaN	NaN	NaN	NaN	NaN	NaN	-28.0587	-18.4510	-30.1403	21.1207	13.1701	8.8249
01cs01	2	4	5.0000	-19.3127	-19.3127	1.0000	1.0000	4.6012	0.5869	2.1781	-22.4572	-32.7272	-21.4656	7.8700	14.9444	20.3013
01cs01	2	5	2.0000	-15.1398	-41.0998	1.0000	0.0000	2.4654	0.6773	6.3145	-18.5906	-27.4314	-30.6280	16.2174	7.4220	19.4761
01cs01	2	6	2.0000	-15.3853	-15.3853	3.0000	1.0000	3.7492	0.6046	2.9135	-29.5825	-18.3681	-28.6994	20.3367	14.8818	7.8972
01cs01	2	7	8.0000	-17.7038	NaN	NaN	NaN	NaN	NaN	NaN	-26.5055	-18.8920	-31.2525	21.5082	11.6312	9.9762
01cs01	2	8	8.0000	-24.0185	NaN	NaN	NaN	NaN	NaN	NaN	-22.1427	-32.7466	-21.7607	8.0292	14.5924	20.4941
01cs01	2	9	8.0000	-43.4269	-43.4269	2.0000	1.0000	5.3985	0.5957	1.7309	-32.7202	-21.3979	-22.5319	15.0266	20.2541	7.8350
01cs01	2	10	8.0000	-20.1247	-23.8623	2.0000	0.0000	3.1231	0.5869	1.5891	-22.0498	-32.7491	-21.8511	8.0799	14.4866	20.5491
01cs01	3	1	8.0000	-15.7480	NaN	NaN	NaN	NaN	NaN	NaN	-31.8416	-19.3723	-25.4361	17.8728	18.0701	7.1728
01cs01	3	2	5.0000	-34.9926	NaN	NaN	NaN	NaN	NaN	NaN	-28.9918	-29.3059	-18.3523	8.0478	20.5146	14.5532
01cs01	3	3	2.0000	-30.0088	-30.0088	3.0000	1.0000	1.9468	0.7287	1.4319	-19.1542	-25.8842	-31.6116	17.6786	7.1796	18.2574
01cs01	3	4	5.0000	-42.5165	-21.9818	1.0000	0.0000	1.8481	0.7394	6.7811	-32.6506	-23.0322	-20.9672	13.1797	21.1173	8.8187
01cs01	3	5	2.0000	-43.5088	-27.3225	1.0000	0.0000	3.2435	0.7429	1.6857	-32.3574	-20.1154	-24.1772	16.7170	19.0947	7.3040
01cs01	3	6	2.0000	-15.2010	-41.8750	1.0000	0.0000	3.1783	0.6613	3.2342	-18.7869	-26.7927	-31.0705	16.8417	7.2799	18.9940
01cs01	3	7	8.0000	-41.2216	-15.1411	2.0000	0.0000	2.9150	0.6011	2.4137	-18.6155	-27.3397	-30.6949	16.3090	7.3978	19.4088
01cs01	3	8	5.0000	-43.5231	-27.2038	3.0000	0.0000	9.1076	0.6223	3.7387	-20.1657	-24.1024	-32.3818	19.1520	7.3189	16.6447
