ID	block	trial_n	dim_onset	angle_correct	angle_chosen	choice	acc	tResp_1	conf_rating	tResp_2	x1	x2	x3	y1	y2	y3
01al02	1	1	8.0000	-25.9055	-25.9055	1.0000	1.0000	2.1352	0.7660	1.4652	-32.6001	-20.7591	-23.2909	15.8336	19.7465	7.5355
01al02	1	2	5.0000	-30.3765	NaN	NaN	NaN	NaN	NaN	NaN	-26.0240	-19.0911	-31.5349	21.5563	11.1902	10.3692
01al02	1	3	5.0000	-38.4426	-38.4426	1.0000	1.0000	3.5766	0.4273	1.6184	-26.9917	-18.7201	-30.9383	21.4261	12.0933	9.5962
01al02	1	4	5.0000	-22.6147	-22.6147	3.0000	1.0000	2.6800	0.8298	1.1473	-22.6151	-21.3236	-32.7113	20.9466	8.5428	13.6262
01al02	1	5	8.0000	-15.2642	NaN	NaN	NaN	NaN	NaN	NaN	-31.2423	-18.8857	-26.5220	18.7807	17.0971	7.2378
01al02	1	6	8.0000	-31.9605	-31.9605	1.0000	1.0000	2.1986	0.9238	1.7460	-18.8421	-31.1696	-26.6383	11.7558	9.8707	21.4891
01al02	1	7	5.0000	-36.9645	-36.9645	2.0000	1.0000	2.3962	0.6826	2.1637	-28.6665	-18.3708	-29.6128	20.8625	13.8255	8.4276
01al02	1	8	8.0000	-41.3657	-41.3657	3.0000	1.0000	6.1249	0.4202	3.0381	-27.2274	-30.7751	-18.6475	7.3700	19.3255	16.4201
01al02	2	1	8.0000	-25.5600	-25.5600	1.0000	1.0000	2.0911	0.8528	1.7875	-20.1330	-32.3661	-24.1509	9.6289	12.0521	21.4346
01al02	2	2	2.0000	-24.3920	-24.3920	1.0000	1.0000	2.8509	0.3333	0.7941	-20.4613	-32.5056	-23.6831	9.2782	12.5118	21.3256
01al02	2	3	2.0000	-28.3496	-16.1896	1.0000	0.0000	2.2565	0.5213	2.1051	-24.8276	-32.1151	-19.7073	7.2082	17.3281	18.5793
01al02	2	4	2.0000	-15.2029	-41.8854	1.0000	0.0000	2.6454	0.4592	1.5996	-18.7902	-26.7830	-31.0768	16.8509	7.2782	18.9865
01al02	2	5	5.0000	-33.1323	-33.1323	3.0000	1.0000	3.0357	0.7074	1.2258	-18.4901	-27.8560	-30.3040	15.7852	7.5511	19.7793
01al02	2	6	2.0000	-42.8686	-42.8686	3.0000	1.0000	2.7981	0.5195	2.1639	-25.6554	-31.7320	-19.2626	7.1726	18.0627	17.8802
01al02	3	1	2.0000	-15.1809	-33.2880	3.0000	0.0000	2.1326	0.4734	1.8456	-18.4707	-27.9525	-30.2267	15.6849	7.5845	19.8462
01al02	3	2	5.0000	-16.5939	-16.5939	1.0000	1.0000	1.9236	0.9025	1.3716	-24.3852	-32.2857	-19.9792	7.2667	16.9157	18.9332
01al02	3	3	2.0000	-29.1714	-29.1714	3.0000	1.0000	2.0987	0.5408	1.9299	-31.7810	-25.5588	-19.3102	10.7643	21.5719	10.7795
01al02	3	4	8.0000	-38.1015	-38.1015	1.0000	1.0000	2.3390	0.3333	0.8567	-27.2504	-18.6408	-30.7588	21.3682	12.3463	9.4011
01al02	3	5	5.0000	-30.9007	NaN	NaN	NaN	NaN	NaN	NaN	-31.4194	-26.2267	-19.0039	10.2018	21.5400	11.3739
01al02	3	6	8.0000	-39.4739	-34.1093	1.0000	0.0000	2.4087	0.4805	1.2197	-29.8004	-18.3918	-28.4578	20.1834	15.1470	7.7852
01al02	3	7	5.0000	-39.7215	NaN	NaN	NaN	NaN	NaN	NaN	-25.9503	-19.1241	-31.5756	21.5607	11.1241	10.4308
01al02	3	8	5.0000	-43.3347	-43.3347	1.0000	1.0000	2.1056	0.7199	1.6563	-21.6414	-22.2676	-32.7409	20.4186	7.9636	14.7334
