ID	block	trial_n	dim_onset	angle_correct	angle_chosen	choice	acc	tResp_1	conf_rating	tResp_2	x1	x2	x3	y1	y2	y3
02LF02	1	1	8.0000	-37.0066	NaN	NaN	NaN	NaN	NaN	NaN	-18.3693	-29.5962	-28.6846	13.8455	8.4163	20.8537
02LF02	1	2	8.0000	-43.4488	NaN	NaN	NaN	NaN	NaN	NaN	-21.3315	-22.6062	-32.7123	20.2066	7.8012	15.1078
02LF02	1	3	5.0000	-35.5298	-35.5298	2.0000	1.0000	2.7942	0.4255	0.9405	-29.3109	-28.9867	-18.3524	8.2322	20.6987	14.1847
02LF02	1	4	2.0000	-43.4587	NaN	NaN	NaN	NaN	NaN	NaN	-32.7081	-21.2995	-22.6423	15.1471	20.1834	7.7851
02LF02	1	5	8.0000	-20.7615	-20.7615	2.0000	1.0000	1.7686	0.5089	1.6063	-20.3079	-32.4454	-23.8966	9.4362	12.2999	21.3795
02LF02	1	6	8.0000	-30.5983	NaN	NaN	NaN	NaN	NaN	NaN	-26.1097	-19.0536	-31.4866	21.5501	11.2675	10.2980
02LF02	1	7	8.0000	-41.8300	NaN	NaN	NaN	NaN	NaN	NaN	-32.4495	-23.8828	-20.3177	12.3136	21.3762	9.4259
02LF02	1	8	8.0000	-15.2387	-15.2387	3.0000	1.0000	2.0821	0.3333	0.7789	-29.9899	-18.4213	-28.2388	20.0400	15.3829	7.6928
02LF02	1	9	2.0000	-36.6386	-15.9791	3.0000	0.0000	7.2546	0.4752	1.8741	-28.5273	-18.3841	-29.7387	20.9275	13.6725	8.5157
02LF02	1	10	8.0000	-31.7359	-41.6639	1.0000	0.0000	2.4182	0.4557	0.8420	-18.7236	-26.9808	-30.9456	16.6610	7.3155	19.1392
02LF02	1	11	8.0000	-26.4964	-43.5725	1.0000	0.0000	2.8575	0.4770	1.3372	-20.4794	-23.6585	-32.5121	19.4835	7.4248	16.2074
02LF02	2	1	5.0000	-37.3791	-37.3791	3.0000	1.0000	2.1037	0.5319	1.1911	-29.4459	-28.8458	-18.3583	8.3170	20.7733	14.0254
02LF02	2	2	5.0000	-33.3956	-15.1921	2.0000	0.0000	1.7164	0.4947	0.9116	-18.4582	-28.0191	-30.1727	15.6152	7.6085	19.8919
02LF02	2	3	5.0000	-18.4602	-43.5261	1.0000	0.0000	2.6832	0.4947	0.9286	-21.0394	-22.9451	-32.6654	19.9839	7.6596	15.4721
02LF02	2	4	8.0000	-35.5428	-36.9554	1.0000	0.0000	2.1980	0.4486	1.6799	-28.0686	-18.4492	-30.1321	21.1170	13.1805	8.8181
02LF02	2	5	2.0000	-39.5733	-39.5733	1.0000	1.0000	1.9803	0.5887	0.9978	-26.0773	-19.0677	-31.5050	21.5525	11.2382	10.3249
02LF02	2	6	2.0000	-22.0057	-22.4989	2.0000	0.0000	3.2889	0.4876	1.5396	-21.2578	-32.7024	-22.6899	8.5912	13.5450	20.9794
02LF02	3	1	5.0000	-43.4622	-24.8701	3.0000	0.0000	4.8120	0.4947	1.1333	-21.2882	-22.6552	-32.7066	20.1750	7.7794	15.1611
02LF02	3	2	5.0000	-26.3889	-26.3889	2.0000	1.0000	1.4894	0.4752	0.9383	-23.5914	-32.5295	-20.5290	7.4434	16.1399	19.5323
02LF02	3	3	2.0000	-16.4380	-16.4380	1.0000	1.0000	2.8199	0.4344	1.0251	-24.5465	-32.2263	-19.8772	7.2421	17.0677	18.8058
02LF02	3	4	8.0000	-42.6559	-42.6559	3.0000	1.0000	1.5706	0.7677	0.9572	-21.1302	-32.6822	-22.8376	8.6881	13.3861	21.0414
02LF02	3	5	2.0000	-15.4831	NaN	NaN	NaN	NaN	NaN	NaN	-19.1351	-25.9261	-31.5888	17.6413	7.1817	18.2927
02LF02	3	6	2.0000	-41.1155	-41.1155	3.0000	1.0000	2.2733	0.7128	1.7882	-19.8134	-32.1864	-24.6502	10.0208	11.5794	21.5154
02LF02	3	7	2.0000	-16.9413	NaN	NaN	NaN	NaN	NaN	NaN	-30.7157	-27.3108	-18.6236	9.3563	21.3533	12.4061
02LF02	3	8	2.0000	-37.2744	-35.8328	2.0000	0.0000	2.3369	0.6259	1.0749	-29.4888	-28.8003	-18.3610	8.3448	20.7965	13.9744
