ID	block	trial_n	dim_onset	angle_correct	angle_chosen	choice	acc	tResp_1	conf_rating	tResp_2	x1	x2	x3	y1	y2	y3
02al01	1	1	5.0000	-24.8320	NaN	NaN	NaN	NaN	NaN	NaN	-22.6321	-32.7093	-21.3085	7.7896	15.1360	20.1900
02al01	1	2	2.0000	-18.2852	NaN	NaN	NaN	NaN	NaN	NaN	-19.1261	-31.5780	-25.9460	11.1203	10.4344	21.5610
02al01	1	3	8.0000	-31.3181	NaN	NaN	NaN	NaN	NaN	NaN	-26.3885	-18.9378	-31.3237	21.5229	11.5226	10.0702
02al01	1	4	8.0000	-42.0768	NaN	NaN	NaN	NaN	NaN	NaN	-32.5290	-23.5934	-20.5276	12.6018	21.3009	9.2129
02al01	1	5	5.0000	-34.3245	NaN	NaN	NaN	NaN	NaN	NaN	-29.6834	-18.3778	-28.5888	20.2672	15.0038	7.8446
02al01	1	6	5.0000	-36.7983	NaN	NaN	NaN	NaN	NaN	NaN	-28.5953	-18.3772	-29.6775	20.8961	13.7470	8.4724
02al01	1	7	5.0000	-42.1203	NaN	NaN	NaN	NaN	NaN	NaN	-31.2209	-18.8726	-26.5566	18.8082	17.0648	7.2426
02al01	1	8	2.0000	-15.2296	NaN	NaN	NaN	NaN	NaN	NaN	-30.0217	-18.4271	-28.2012	20.0149	15.4230	7.6777
02al01	1	9	8.0000	-43.5754	NaN	NaN	NaN	NaN	NaN	NaN	-20.5557	-23.5557	-32.5386	19.5581	7.4536	16.1040
02al01	1	10	8.0000	-22.1113	NaN	NaN	NaN	NaN	NaN	NaN	-32.6965	-22.7352	-21.2182	13.4960	20.9989	8.6207
02al01	1	11	5.0000	-36.7771	NaN	NaN	NaN	NaN	NaN	NaN	-18.4290	-30.0317	-28.1893	13.3082	8.7368	21.0707
02al01	1	12	5.0000	-42.2681	NaN	NaN	NaN	NaN	NaN	NaN	-32.5855	-23.3575	-20.7070	12.8416	21.2299	9.0441
02al01	1	13	5.0000	-32.9678	NaN	NaN	NaN	NaN	NaN	NaN	-30.3843	-18.5120	-27.7536	19.7075	15.8907	7.5174
02al01	1	14	2.0000	-32.2024	NaN	NaN	NaN	NaN	NaN	NaN	-18.6338	-27.2747	-30.7415	16.3734	7.3815	19.3607
02al01	1	15	8.0000	-15.4349	NaN	NaN	NaN	NaN	NaN	NaN	-28.8199	-29.4703	-18.3598	7.9572	20.4110	14.7474
02al01	1	16	8.0000	-29.5737	NaN	NaN	NaN	NaN	NaN	NaN	-19.2342	-31.7017	-25.7141	10.9149	10.6307	21.5700
02al01	2	1	2.0000	-38.1040	NaN	NaN	NaN	NaN	NaN	NaN	-18.6413	-30.7601	-27.2486	12.3445	9.4025	21.3687
02al01	2	2	2.0000	-20.4661	NaN	NaN	NaN	NaN	NaN	NaN	-24.1187	-20.1547	-32.3766	21.4282	9.6042	12.0833
02al01	2	3	5.0000	-16.4576	-37.2249	2.0000	0.0000	7.4372	0.8121	6.7654	-30.2825	-27.8830	-18.4845	8.9457	21.1834	12.9865
02al01	2	4	2.0000	-15.4153	NaN	NaN	NaN	NaN	NaN	NaN	-19.0659	-26.0814	-31.5027	17.5019	7.1915	18.4223
02al01	2	5	2.0000	-15.1408	NaN	NaN	NaN	NaN	NaN	NaN	-30.5694	-18.5699	-27.5106	19.5338	16.1379	7.4440
02al01	2	6	8.0000	-28.0748	-28.0748	1.0000	1.0000	3.9533	0.8830	1.7416	-32.1852	-19.8116	-24.6532	17.1672	18.7205	7.2279
02al01	3	1	8.0000	-40.5367	NaN	NaN	NaN	NaN	NaN	NaN	-31.9459	-25.2156	-19.4885	11.0654	21.5641	10.4862
02al01	3	2	5.0000	-28.0947	NaN	NaN	NaN	NaN	NaN	NaN	-24.6658	-32.1803	-19.8039	7.2264	17.1789	18.7104
02al01	3	3	5.0000	-35.5700	NaN	NaN	NaN	NaN	NaN	NaN	-29.3346	-28.9622	-18.3532	8.2468	20.7120	14.1569
02al01	3	4	8.0000	-33.0383	-33.0383	2.0000	1.0000	3.4342	0.5550	8.4450	-27.7975	-30.3501	-18.5024	7.5316	19.7384	15.8456
02al01	3	5	8.0000	-22.4913	-42.7537	2.0000	0.0000	2.6703	0.9273	1.9577	-32.7017	-22.6948	-21.2535	13.5397	20.9816	8.5944
02al01	3	6	2.0000	-19.6440	-19.6440	3.0000	1.0000	7.1722	0.5390	1.5882	-24.7657	-19.7439	-32.1404	21.5290	10.1141	11.4725
