ID0	device_time_stamp	system_time_stamp	L_valid	L_x	L_y	R_valid	R_x	R_y	pupil_L_valid	pupil_L_diameter	pupil_R_valid	pupil_R_diameter	events	fix_ok	block	trial_n	dim_onset	angle_correct	angle_chosen	choice	acc	tResp_1	conf_rating	tResp_2	x1	x2	x3	y1	y2	y3
98xx01	1009846585336005	595359903947	0	NaN	NaN	0	NaN	NaN	0	NaN	0	NaN	6	0	0	0	7.2391	-15.5946	NaN	NaN	NaN	NaN	NaN	NaN	-18.3500	-29.1478	-29.1522	14.3744	8.1352	20.6060
98xx01	1009846585339338	595359907280	0	NaN	NaN	0	NaN	NaN	0	NaN	0	NaN	6	0	0	0	7.2391	-15.5946	NaN	NaN	NaN	NaN	NaN	NaN	-18.3500	-29.1478	-29.1522	14.3744	8.1352	20.6060
98xx01	1009846585342678	595359910620	0	NaN	NaN	0	NaN	NaN	0	NaN	0	NaN	6	0	0	0	7.2391	-15.5946	NaN	NaN	NaN	NaN	NaN	NaN	-18.3500	-29.1478	-29.1522	14.3744	8.1352	20.6060
98xx01	1009846585346011	595359913953	0	NaN	NaN	0	NaN	NaN	0	NaN	0	NaN	6	0	0	0	7.2391	-15.5946	NaN	NaN	NaN	NaN	NaN	NaN	-18.3500	-29.1478	-29.1522	14.3744	8.1352	20.6060
98xx01	1009846585349375	595359917317	0	NaN	NaN	0	NaN	NaN	0	NaN	0	NaN	6	0	0	0	7.2391	-15.5946	NaN	NaN	NaN	NaN	NaN	NaN	-18.3500	-29.1478	-29.1522	14.3744	8.1352	20.6060
98xx01	1009846585352708	595359920650	0	NaN	NaN	0	NaN	NaN	0	NaN	0	NaN	6	0	0	0	7.2391	-15.5946	NaN	NaN	NaN	NaN	NaN	NaN	-18.3500	-29.1478	-29.1522	14.3744	8.1352	20.6060
98xx01	1009846603639794	595378207811	0	NaN	NaN	0	NaN	NaN	0	NaN	0	NaN	6	0	0	0	2.3425	-41.4583	NaN	NaN	NaN	NaN	NaN	NaN	-30.8274	-18.6696	-27.1530	19.2698	16.4933	7.3526
98xx01	1009846603643127	595378211144	0	NaN	NaN	0	NaN	NaN	0	NaN	0	NaN	6	0	0	0	2.3425	-41.4583	NaN	NaN	NaN	NaN	NaN	NaN	-30.8274	-18.6696	-27.1530	19.2698	16.4933	7.3526
98xx01	1009846603646472	595378214489	0	NaN	NaN	0	NaN	NaN	0	NaN	0	NaN	6	0	0	0	2.3425	-41.4583	NaN	NaN	NaN	NaN	NaN	NaN	-30.8274	-18.6696	-27.1530	19.2698	16.4933	7.3526
98xx01	1009846603649805	595378217822	0	NaN	NaN	0	NaN	NaN	0	NaN	0	NaN	6	0	0	0	2.3425	-41.4583	NaN	NaN	NaN	NaN	NaN	NaN	-30.8274	-18.6696	-27.1530	19.2698	16.4933	7.3526
98xx01	1009846626459509	595401027611	0	NaN	NaN	0	NaN	NaN	0	NaN	0	NaN	6	0	1	1	8.0000	-43.5322	NaN	NaN	NaN	NaN	NaN	NaN	-32.6595	-21.0096	-22.9809	15.5100	19.9598	7.6458
98xx01	1009846626462842	595401030944	0	NaN	NaN	0	NaN	NaN	0	NaN	0	NaN	6	0	1	1	8.0000	-43.5322	NaN	NaN	NaN	NaN	NaN	NaN	-32.6595	-21.0096	-22.9809	15.5100	19.9598	7.6458
98xx01	1009846626466187	595401034289	0	NaN	NaN	0	NaN	NaN	0	NaN	0	NaN	6	0	1	1	8.0000	-43.5322	NaN	NaN	NaN	NaN	NaN	NaN	-32.6595	-21.0096	-22.9809	15.5100	19.9598	7.6458
98xx01	1009846626469520	595401037622	0	NaN	NaN	0	NaN	NaN	0	NaN	0	NaN	6	0	1	1	8.0000	-43.5322	NaN	NaN	NaN	NaN	NaN	NaN	-32.6595	-21.0096	-22.9809	15.5100	19.9598	7.6458
98xx01	1009846639994039	595414562200	0	NaN	NaN	0	NaN	NaN	0	NaN	0	NaN	6	0	1	2	5.0000	-43.4661	NaN	NaN	NaN	NaN	NaN	NaN	-19.9934	-24.3631	-32.2935	18.9505	7.2704	16.8947
98xx01	1009846639997372	595414565533	0	NaN	NaN	0	NaN	NaN	0	NaN	0	NaN	6	0	1	2	5.0000	-43.4661	NaN	NaN	NaN	NaN	NaN	NaN	-19.9934	-24.3631	-32.2935	18.9505	7.2704	16.8947
98xx01	1009846640000699	595414568860	0	NaN	NaN	0	NaN	NaN	0	NaN	0	NaN	6	0	1	2	5.0000	-43.4661	NaN	NaN	NaN	NaN	NaN	NaN	-19.9934	-24.3631	-32.2935	18.9505	7.2704	16.8947
98xx01	1009846640004032	595414572193	0	NaN	NaN	0	NaN	NaN	0	NaN	0	NaN	6	0	1	2	5.0000	-43.4661	NaN	NaN	NaN	NaN	NaN	NaN	-19.9934	-24.3631	-32.2935	18.9505	7.2704	16.8947
98xx01	1009846640007371	595414575532	0	NaN	NaN	0	NaN	NaN	0	NaN	0	NaN	6	0	1	2	5.0000	-43.4661	NaN	NaN	NaN	NaN	NaN	NaN	-19.9934	-24.3631	-32.2935	18.9505	7.2704	16.8947
98xx01	1009846640010704	595414578865	0	NaN	NaN	0	NaN	NaN	0	NaN	0	NaN	6	0	1	2	5.0000	-43.4661	NaN	NaN	NaN	NaN	NaN	NaN	-19.9934	-24.3631	-32.2935	18.9505	7.2704	16.8947
98xx01	1009846656554812	595431123095	1	592	455	1	413	513	1	3.05	1	3.15	6	0	1	3	5.0000	-23.3522	NaN	NaN	NaN	NaN	NaN	NaN	-32.7462	-22.1543	-21.7495	14.1381	20.7208	8.2566
98xx01	1009846656558054	595431126337	1	588	450	1	413	527	1	3.07	1	3.16	6	0	1	3	5.0000	-23.3522	NaN	NaN	NaN	NaN	NaN	NaN	-32.7462	-22.1543	-21.7495	14.1381	20.7208	8.2566
98xx01	1009846656561416	595431129699	1	599	434	1	421	507	1	3.04	1	3.14	6	0	1	3	5.0000	-23.3522	NaN	NaN	NaN	NaN	NaN	NaN	-32.7462	-22.1543	-21.7495	14.1381	20.7208	8.2566
98xx01	1009846656564776	595431133059	1	584	431	1	421	505	1	3.01	1	3.15	6	0	1	3	5.0000	-23.3522	NaN	NaN	NaN	NaN	NaN	NaN	-32.7462	-22.1543	-21.7495	14.1381	20.7208	8.2566
98xx01	1009846656568138	595431136421	1	606	442	1	424	519	1	3.01	1	3.17	6	0	1	3	5.0000	-23.3522	NaN	NaN	NaN	NaN	NaN	NaN	-32.7462	-22.1543	-21.7495	14.1381	20.7208	8.2566
