ID	block	trial_n	dim_onset	angle_correct	angle_chosen	choice	acc	tResp_1	conf_rating	tResp_2	x1	x2	x3	y1	y2	y3
04CS02	1	1	2.0000	-21.8430	-42.4464	2.0000	0.0000	1.9638	0.8972	6.7877	-32.6333	-23.1264	-20.8903	13.0808	21.1517	8.8831
04CS02	1	2	2.0000	-42.3699	-42.3699	1.0000	1.0000	2.0508	0.6755	2.1434	-18.9767	-26.2923	-31.3810	17.3099	7.2102	18.5955
04CS02	1	3	5.0000	-30.1777	-30.1777	1.0000	1.0000	2.8804	0.7801	1.7309	-31.5527	-19.1055	-25.9918	18.3477	17.5825	7.1854
04CS02	1	4	2.0000	-43.0468	-20.9401	1.0000	0.0000	3.4428	0.4025	1.6685	-21.6841	-32.7433	-22.2226	8.2978	14.0610	20.7569
04CS02	1	5	5.0000	-17.5968	-31.8956	1.0000	0.0000	2.0055	0.6418	2.2353	-18.8514	-31.1855	-26.6131	11.7320	9.8907	21.4930
04CS02	1	6	5.0000	-35.8674	-35.8674	2.0000	1.0000	3.0049	0.4504	1.4568	-29.5089	-28.7787	-18.3624	8.3580	20.8074	13.9503
04CS02	2	1	5.0000	-41.3413	-41.3413	3.0000	1.0000	1.3731	0.8298	1.2046	-27.2467	-30.7614	-18.6419	7.3746	19.3399	16.4011
04CS02	2	2	5.0000	-15.1488	-15.1488	1.0000	1.0000	2.3849	0.8245	1.0930	-27.1865	-30.8039	-18.6596	7.3603	19.2949	16.4604
04CS02	2	3	8.0000	-42.9744	-23.0388	1.0000	0.0000	1.9538	0.7872	1.3247	-32.7359	-22.3468	-21.5672	13.9218	20.8201	8.3737
04CS02	2	4	8.0000	-42.2716	-42.2716	1.0000	1.0000	2.4569	0.8191	2.0216	-23.3531	-20.7104	-32.5865	21.2285	9.0410	12.8461
04CS02	2	5	8.0000	-41.7357	-41.7357	2.0000	1.0000	2.7458	1.0000	1.9654	-32.4174	-23.9896	-20.2430	12.2088	21.4007	9.5061
04CS02	2	6	8.0000	-23.3232	-23.3232	2.0000	1.0000	2.4530	1.0000	1.6753	-21.7325	-32.7455	-22.1719	8.2672	14.1182	20.7302
04CS02	3	1	8.0000	-27.0367	-27.0367	2.0000	1.0000	1.3900	0.8688	1.0714	-23.9972	-32.4150	-20.2377	7.3413	16.5424	19.2319
04CS02	3	2	2.0000	-27.0241	-27.0241	2.0000	1.0000	1.2301	0.6933	0.8480	-23.9893	-32.4175	-20.2432	7.3431	16.5347	19.2379
04CS02	3	3	2.0000	-23.4058	NaN	NaN	NaN	NaN	NaN	NaN	-32.7473	-22.1219	-21.7808	14.1749	20.7034	8.2373
04CS02	3	4	2.0000	-19.0835	NaN	NaN	NaN	NaN	NaN	NaN	-21.3534	-22.5816	-32.7150	20.2224	7.8123	15.0809
04CS02	3	5	8.0000	-43.5754	-43.5754	2.0000	1.0000	2.6741	0.3333	0.6711	-32.5583	-20.6165	-23.4752	16.0224	19.6160	7.4773
04CS02	3	6	5.0000	-30.4845	-42.4621	2.0000	0.0000	2.3702	0.5532	1.1752	-31.4424	-19.0205	-26.1871	18.5095	17.4060	7.2001
04CS02	3	7	2.0000	-40.0126	-40.0126	3.0000	1.0000	1.9851	0.8316	0.7764	-19.2433	-31.7115	-25.6951	10.8983	10.6469	21.5704
04CS02	3	8	2.0000	-15.1930	-15.1930	1.0000	1.0000	0.9406	0.8617	1.3373	-28.0240	-30.1687	-18.4573	7.6103	19.8953	15.6101
