ID	block	trial_n	dim_onset	angle_correct	angle_chosen	choice	acc	tResp_1	conf_rating	tResp_2	x1	x2	x3	y1	y2	y3
06CS02	1	1	2.0000	-29.1131	NaN	NaN	NaN	NaN	NaN	NaN	-25.3134	-31.9003	-19.4363	7.1758	17.7650	18.1748
06CS02	1	2	5.0000	-41.8162	NaN	NaN	NaN	NaN	NaN	NaN	-31.0353	-18.7683	-26.8464	19.0357	16.7904	7.2895
06CS02	1	3	8.0000	-15.1488	NaN	NaN	NaN	NaN	NaN	NaN	-18.5299	-27.6749	-30.4452	15.9713	7.4926	19.6518
06CS02	1	4	8.0000	-22.1913	NaN	NaN	NaN	NaN	NaN	NaN	-21.0842	-32.6740	-22.8918	8.7242	13.3282	21.0632
06CS02	1	5	8.0000	-35.4300	-37.8372	2.0000	0.0000	2.8290	0.9131	1.2024	-29.0470	-18.3510	-29.2520	20.6656	14.2536	8.1965
06CS02	1	6	5.0000	-20.2044	-20.2044	2.0000	1.0000	1.6205	0.3333	0.9738	-20.0214	-32.3088	-24.3199	9.7595	11.8901	21.4660
06CS02	1	7	2.0000	-31.0610	-39.3218	2.0000	0.0000	2.5763	0.4557	1.1683	-31.3831	-26.2888	-18.9781	10.1510	21.5339	11.4307
06CS02	1	8	5.0000	-42.0612	-24.2170	2.0000	0.0000	2.6381	0.8387	1.2902	-23.6122	-20.5136	-32.5242	21.3062	9.2265	12.5829
06CS02	1	9	8.0000	-15.1491	-40.7531	3.0000	0.0000	2.1931	0.5390	3.0680	-27.6788	-30.4422	-18.5290	7.4938	19.6545	15.9674
06CS02	1	10	8.0000	-40.7207	-32.8832	3.0000	0.0000	2.1480	0.4982	3.0981	-18.5239	-27.7010	-30.4252	15.9447	7.5007	19.6703
06CS02	2	1	5.0000	-43.5751	-43.5751	1.0000	1.0000	3.7990	0.8067	2.8458	-20.6337	-23.4527	-32.5636	19.6321	7.4841	15.9995
06CS02	2	2	5.0000	-37.8781	-15.6428	2.0000	0.0000	2.0546	0.8936	1.3567	-18.3507	-29.2342	-29.0652	14.2743	8.1858	20.6555
06CS02	2	3	2.0000	-36.9677	-15.8852	1.0000	0.0000	1.3369	0.8103	0.7740	-29.6115	-28.6678	-18.3706	8.4268	20.8618	13.8270
06CS02	2	4	5.0000	-43.1528	NaN	NaN	NaN	NaN	NaN	NaN	-32.7494	-22.0282	-21.8723	14.2819	20.6518	8.1820
06CS02	2	5	2.0000	-42.7059	NaN	NaN	NaN	NaN	NaN	NaN	-22.7654	-21.1921	-32.6925	21.0116	8.6405	13.4636
06CS02	2	6	8.0000	-43.0248	NaN	NaN	NaN	NaN	NaN	NaN	-32.7413	-22.2610	-21.6477	14.0178	20.7768	8.3211
06CS02	2	7	5.0000	-16.9060	-33.7695	2.0000	0.0000	2.8653	0.8635	9.6645	-27.3506	-18.6125	-30.6870	21.3431	12.4456	9.3269
06CS02	2	8	2.0000	-20.8136	NaN	NaN	NaN	NaN	NaN	NaN	-32.4568	-23.8580	-20.3352	12.3380	21.3702	9.4074
06CS02	2	9	8.0000	-20.8948	NaN	NaN	NaN	NaN	NaN	NaN	-22.2023	-21.7035	-32.7442	20.7463	8.2855	14.0839
06CS02	2	10	2.0000	-22.9856	-21.8742	2.0000	0.0000	2.7156	0.8528	0.8459	-20.9075	-32.6373	-23.1052	8.8685	13.1030	21.1441
06CS02	2	11	8.0000	-38.5672	-38.5672	1.0000	1.0000	5.9220	0.8245	2.0734	-18.3548	-28.9195	-29.3757	14.6353	8.0090	20.4714
06CS02	3	1	8.0000	-42.7818	NaN	NaN	NaN	NaN	NaN	NaN	-32.7069	-22.6526	-21.2905	13.5855	20.9631	8.5670
06CS02	3	2	5.0000	-38.3647	-15.5254	2.0000	0.0000	8.1845	0.8333	5.6288	-18.3517	-29.0149	-29.2835	14.5269	8.0604	20.5283
06CS02	3	3	8.0000	-30.7950	NaN	NaN	NaN	NaN	NaN	NaN	-26.3846	-31.3261	-18.9394	7.2204	18.6704	17.2248
06CS02	3	4	2.0000	-20.8769	NaN	NaN	NaN	NaN	NaN	NaN	-32.7446	-22.1943	-21.7111	14.0929	20.7421	8.2807
06CS02	3	5	2.0000	-38.1006	-15.5879	3.0000	0.0000	2.2187	0.8706	1.3597	-29.1645	-18.3500	-29.1355	20.5989	14.3886	8.1282
06CS02	3	6	2.0000	-18.7461	NaN	NaN	NaN	NaN	NaN	NaN	-19.3257	-31.7964	-25.5279	10.7528	10.7910	21.5718
06CS02	3	7	8.0000	-42.7009	NaN	NaN	NaN	NaN	NaN	NaN	-32.6915	-22.7727	-21.1858	13.4557	21.0147	8.6453
