ID	block	trial_n	dim_onset	angle_correct	angle_chosen	choice	acc	tResp_1	conf_rating	tResp_2	x1	x2	x3	y1	y2	y3
03AL02	1	1	2.0000	-42.7538	-29.9069	1.0000	0.0000	1.7715	1.0000	0.7960	-31.6464	-19.1843	-25.8193	18.2026	17.7362	7.1769
03AL02	1	2	2.0000	-15.2247	-39.9647	1.0000	0.0000	2.7438	0.4770	2.1670	-18.4305	-28.1797	-30.0397	15.4457	7.6693	20.0006
03AL02	1	3	8.0000	-19.2796	-19.2796	1.0000	1.0000	1.0878	1.0000	1.0393	-22.4749	-32.7256	-21.4495	7.8616	14.9639	20.2901
03AL02	1	4	2.0000	-25.2739	NaN	NaN	NaN	NaN	NaN	NaN	-32.6724	-21.0759	-22.9016	15.4259	20.0130	7.6766
03AL02	1	5	5.0000	-31.4214	-31.4214	2.0000	1.0000	1.3037	1.0000	1.1547	-26.4286	-18.9219	-31.2995	21.5181	11.5597	10.0379
03AL02	1	6	5.0000	-20.7300	-20.7300	3.0000	1.0000	1.3817	1.0000	0.7940	-23.9201	-20.2915	-32.4385	21.3850	9.4538	12.2769
03AL02	1	7	2.0000	-15.2610	-15.2610	2.0000	1.0000	1.1679	1.0000	0.9103	-18.8813	-26.5336	-31.2351	17.0863	7.2394	18.7900
03AL02	2	1	2.0000	-34.4657	NaN	NaN	NaN	NaN	NaN	NaN	-29.6054	-18.3701	-28.6745	20.3212	14.9093	7.8852
03AL02	2	2	5.0000	-36.2111	-36.2111	3.0000	1.0000	1.3826	1.0000	0.8287	-18.3805	-29.7084	-28.5611	13.7095	8.4941	20.9120
03AL02	2	3	8.0000	-41.0221	-41.0221	1.0000	1.0000	2.1518	1.0000	1.3097	-24.7443	-19.7566	-32.1491	21.5267	10.0967	11.4923
03AL02	2	4	5.0000	-29.5093	-29.5093	1.0000	1.0000	1.0865	1.0000	0.7396	-31.7774	-19.3067	-25.5659	17.9856	17.9581	7.1719
03AL02	2	5	8.0000	-40.9673	-40.9673	2.0000	1.0000	2.0101	0.4060	1.2176	-32.1269	-24.7990	-19.7241	11.4419	21.5326	10.1411
03AL02	2	6	2.0000	-17.4506	-38.7367	2.0000	0.0000	2.6601	0.4113	1.0848	-31.0900	-26.7626	-18.7974	9.7732	21.4690	11.8734
03AL02	2	7	2.0000	-21.0947	NaN	NaN	NaN	NaN	NaN	NaN	-22.2916	-21.6189	-32.7395	20.7924	8.3397	13.9835
03AL02	2	8	2.0000	-38.0831	NaN	NaN	NaN	NaN	NaN	NaN	-29.1434	-29.1566	-18.3500	8.1327	20.6035	14.3795
03AL02	2	9	2.0000	-20.2449	-43.2143	1.0000	0.0000	1.7773	1.0000	1.0012	-21.9067	-21.9935	-32.7498	20.5821	8.1116	14.4220
03AL02	3	1	8.0000	-42.2438	-42.2438	1.0000	1.0000	1.6829	1.0000	1.1455	-18.9216	-26.4293	-31.2991	17.1835	7.2258	18.7064
03AL02	3	2	5.0000	-43.2493	-43.2493	3.0000	1.0000	2.7328	0.6950	1.6287	-24.9758	-32.0526	-19.6216	7.1948	17.4631	18.4577
03AL02	3	3	8.0000	-27.2598	-27.2598	1.0000	1.0000	2.0812	1.0000	0.8305	-32.3704	-20.1419	-24.1377	16.6788	19.1250	7.3117
03AL02	3	4	5.0000	-28.2656	-19.1130	3.0000	0.0000	3.0677	1.0000	0.6772	-25.2087	-19.4923	-31.9490	21.5638	10.4804	11.0715
03AL02	3	5	2.0000	-20.8770	-24.7096	2.0000	0.0000	2.2503	0.3918	1.0607	-23.8113	-20.3685	-32.4702	21.3588	9.3726	12.3842
03AL02	3	6	8.0000	-42.9830	-42.9830	3.0000	1.0000	2.6975	0.9752	0.8468	-21.5806	-32.7369	-22.3325	8.3649	13.9378	20.8130
