ID	block	trial_n	dim_onset	angle_correct	angle_chosen	choice	acc	tResp_1	conf_rating	tResp_2	x1	x2	x3	y1	y2	y3
03CS03	1	1	5.0000	-20.4138	-20.4138	2.0000	1.0000	2.7042	0.7961	0.8479	-20.1279	-32.3636	-24.1585	9.6347	12.0448	21.4361
03CS03	1	2	5.0000	-43.3048	-43.3048	1.0000	1.0000	2.0068	0.7677	1.4038	-21.7116	-22.1938	-32.7446	20.4634	8.0019	14.6503
03CS03	1	3	2.0000	-32.7409	-32.7409	3.0000	1.0000	2.2156	0.8652	1.3618	-18.5448	-27.6122	-30.4931	16.0352	7.4735	19.6070
03CS03	1	4	8.0000	-36.1030	NaN	NaN	NaN	NaN	NaN	NaN	-18.4122	-29.9365	-28.3014	13.4278	8.6623	21.0254
03CS03	1	5	5.0000	-42.4345	-42.4345	3.0000	1.0000	2.2956	0.9255	2.6629	-26.2191	-31.4238	-19.0070	7.2030	18.5358	17.3768
03CS03	1	6	5.0000	-15.4920	-15.4920	2.0000	1.0000	2.1794	0.8883	1.3468	-19.1439	-25.9068	-31.5993	17.6584	7.1807	18.2765
03CS03	1	7	8.0000	-40.1800	NaN	NaN	NaN	NaN	NaN	NaN	-18.4525	-28.0502	-30.1472	15.5826	7.6199	19.9131
03CS03	1	8	8.0000	-34.5851	NaN	NaN	NaN	NaN	NaN	NaN	-28.7468	-29.5387	-18.3645	7.9205	20.3661	14.8291
03CS03	1	9	8.0000	-23.9414	-43.2627	2.0000	0.0000	1.9979	0.5461	1.0967	-32.7480	-21.8052	-22.0968	14.5403	20.5214	8.0540
03CS03	2	1	2.0000	-24.3072	-24.3072	3.0000	1.0000	2.7860	0.8635	1.6255	-32.5147	-23.6488	-20.4865	12.5462	21.3163	9.2531
03CS03	2	2	2.0000	-15.2335	-15.2335	3.0000	1.0000	2.2526	0.8777	1.0255	-31.1673	-18.8408	-26.6419	18.8758	16.9846	7.2552
03CS03	2	3	8.0000	-16.3882	-16.3882	1.0000	1.0000	2.0230	0.8528	1.4717	-30.2122	-27.9705	-18.4673	8.8852	21.1528	13.0776
03CS03	2	4	5.0000	-15.1584	-15.1584	2.0000	1.0000	1.7590	0.8706	1.0691	-18.6924	-27.0789	-30.8787	16.5657	7.3361	19.2138
03CS03	2	5	8.0000	-15.2557	-15.2557	1.0000	1.0000	1.4192	0.9468	1.1924	-28.3055	-29.9329	-18.4116	7.7200	20.0841	15.3115
03CS03	2	6	2.0000	-42.5330	-30.3524	1.0000	0.0000	1.5220	0.9734	1.4562	-31.4905	-19.0565	-26.1030	18.4402	17.4823	7.1931
03CS03	3	1	8.0000	-20.8083	NaN	NaN	NaN	NaN	NaN	NaN	-20.3324	-32.4556	-23.8619	9.4103	12.3341	21.3712
03CS03	3	2	8.0000	-31.8818	-31.8818	2.0000	1.0000	1.2959	0.8050	1.5155	-27.0729	-30.8829	-18.6942	7.3348	19.2093	16.5715
03CS03	3	3	8.0000	-36.1359	-16.1282	1.0000	0.0000	1.6988	0.7801	1.2289	-29.9246	-28.3152	-18.4102	8.6532	21.0197	13.4427
03CS03	3	4	5.0000	-43.2352	-43.2352	3.0000	1.0000	1.7650	0.9184	1.6637	-25.0068	-32.0392	-19.6040	7.1924	17.4912	18.4320
03CS03	3	5	2.0000	-15.3306	-42.3572	3.0000	0.0000	1.8198	0.4344	1.2756	-26.3065	-31.3726	-18.9709	7.2117	18.6071	17.2968
03CS03	3	6	2.0000	-15.9790	-15.9790	3.0000	1.0000	1.6022	0.8422	0.9761	-28.5274	-18.3840	-29.7385	20.9274	13.6726	8.5156
03CS03	3	7	8.0000	-30.0558	-15.4886	1.0000	0.0000	1.8624	0.4043	1.1653	-25.9142	-31.5953	-19.1405	7.1811	18.2826	17.6519
