ID	block	trial_n	dim_onset	angle_correct	angle_chosen	choice	acc	tResp_1	conf_rating	tResp_2	x1	x2	x3	y1	y2	y3
04CS03	1	1	2.0000	-15.6252	NaN	NaN	NaN	NaN	NaN	NaN	-19.2674	-25.6455	-31.7371	17.8889	7.1725	18.0543
04CS03	1	2	8.0000	-19.0880	-24.7446	3.0000	0.0000	2.9911	0.6294	1.1278	-21.3557	-22.5791	-32.7153	20.2240	7.8134	15.0782
04CS03	1	3	5.0000	-25.0300	-25.0300	2.0000	1.0000	1.8714	0.5461	1.3057	-22.7526	-32.6942	-21.2032	7.7375	15.2664	20.1117
04CS03	1	4	2.0000	-15.4584	-15.4584	2.0000	1.0000	1.9238	0.8191	1.1036	-18.3569	-28.8733	-29.4198	14.6874	7.9847	20.4435
04CS03	1	5	8.0000	-15.8018	-35.8361	3.0000	0.0000	1.9283	0.5408	1.0136	-18.3611	-29.4906	-28.7983	13.9721	8.3460	20.7975
04CS03	1	6	8.0000	-42.1976	-42.1976	2.0000	1.0000	2.2298	0.5106	1.2636	-31.2696	-18.9028	-26.4776	18.7452	17.1385	7.2319
04CS03	1	7	2.0000	-42.8773	-42.8773	2.0000	1.0000	2.5459	0.5089	1.2324	-32.7228	-22.5049	-21.4223	13.7468	20.8962	8.4726
04CS03	2	1	5.0000	-24.8262	-41.8516	3.0000	0.0000	2.4055	0.3333	0.6208	-20.3352	-32.4567	-23.8581	9.4074	12.3379	21.3703
04CS03	2	2	8.0000	-24.2242	NaN	NaN	NaN	NaN	NaN	NaN	-21.6435	-22.2655	-32.7410	20.4199	7.9647	14.7310
04CS03	2	3	2.0000	-21.9632	-22.5272	3.0000	0.0000	1.8201	0.8865	1.2412	-22.6716	-21.2738	-32.7046	20.9715	8.5793	13.5649
04CS03	2	4	2.0000	-29.9082	-29.9082	3.0000	1.0000	1.8913	0.4344	1.3870	-19.1840	-25.8201	-31.6460	17.7354	7.1769	18.2032
04CS03	2	5	2.0000	-34.1226	-34.1226	3.0000	1.0000	2.0311	0.6773	1.0973	-30.5835	-27.4917	-18.5748	9.2237	21.3051	12.5868
04CS03	2	6	5.0000	-43.4397	-43.4397	3.0000	1.0000	2.1229	0.7713	1.8388	-22.5745	-32.7158	-21.3597	7.8155	15.0733	20.2269
04CS03	2	7	8.0000	-23.6083	-43.1672	1.0000	0.0000	2.2069	0.8121	1.0218	-22.0005	-21.8997	-32.7498	20.6362	8.1658	14.3137
04CS03	3	1	5.0000	-37.0225	-37.0225	3.0000	1.0000	2.2433	0.7500	1.4018	-29.5899	-28.6914	-18.3687	8.4121	20.8504	13.8532
04CS03	3	2	5.0000	-43.5558	-43.5558	1.0000	1.0000	2.3452	0.6117	1.8831	-20.8680	-23.1540	-32.6280	19.8417	7.5823	15.6917
04CS03	3	3	5.0000	-33.3143	-33.3143	3.0000	1.0000	1.8714	0.7890	1.0069	-30.8156	-27.1698	-18.6645	9.4613	21.3873	12.2670
04CS03	3	4	2.0000	-15.4493	-15.4493	3.0000	1.0000	2.0644	0.5532	0.8136	-29.4393	-18.3580	-28.8527	20.4310	14.7105	7.9741
04CS03	3	5	8.0000	-17.7026	-17.7026	2.0000	1.0000	2.4977	0.8191	0.9803	-18.8916	-31.2517	-26.5067	11.6323	9.9753	21.5080
04CS03	3	6	8.0000	-29.0959	-29.0959	1.0000	1.0000	1.8179	0.8723	1.3433	-31.9055	-19.4421	-25.3024	17.7554	18.1841	7.1761
