ID	block	trial_n	dim_onset	angle_correct	angle_chosen	choice	acc	tResp_1	conf_rating	tResp_2	x1	x2	x3	y1	y2	y3
06AL03	1	1	8.0000	-16.2166	-16.2166	3.0000	1.0000	2.3707	0.4415	1.0465	-32.1283	-19.7262	-24.7955	17.2986	18.6055	7.2115
06AL03	1	2	2.0000	-15.4063	-15.4063	3.0000	1.0000	2.2539	0.8369	1.3571	-31.4903	-19.0564	-26.1034	18.4405	17.4820	7.1932
06AL03	1	3	8.0000	-22.2652	NaN	NaN	NaN	NaN	NaN	NaN	-32.6814	-22.8429	-21.1257	13.3804	21.0436	8.6916
06AL03	1	4	8.0000	-15.1821	-15.1821	3.0000	1.0000	1.6644	0.8475	2.3467	-30.9998	-18.7502	-26.9000	19.0772	16.7389	7.2996
06AL03	1	5	5.0000	-42.6516	-42.6516	1.0000	1.0000	2.2840	0.7216	4.8754	-19.1219	-25.9551	-31.5729	17.6153	7.1833	18.3170
06AL03	1	6	8.0000	-32.8411	-32.8411	3.0000	1.0000	4.9983	0.5018	2.8794	-18.5299	-27.6747	-30.4453	15.9715	7.4925	19.6516
06AL03	1	7	8.0000	-19.7312	-19.7312	1.0000	1.0000	1.6008	0.9113	3.1443	-32.1688	-24.6950	-19.7863	11.5378	21.5209	10.0569
06AL03	2	1	2.0000	-33.8589	-15.2555	1.0000	0.0000	2.6710	0.3333	0.5904	-28.3046	-29.9337	-18.4117	7.7196	20.0835	15.3125
06AL03	2	2	2.0000	-32.3738	-32.3738	1.0000	1.0000	2.2752	0.7660	1.2031	-30.6639	-18.6037	-27.3824	19.4402	16.2665	7.4089
06AL03	2	3	2.0000	-29.8284	-29.8284	3.0000	1.0000	3.6254	0.4894	2.0863	-31.6501	-25.8124	-19.1876	10.5471	21.5671	11.0015
06AL03	2	4	8.0000	-16.0921	-43.2617	2.0000	0.0000	2.0812	0.8032	2.2305	-32.0646	-19.6375	-24.9479	17.4378	18.4807	7.1971
06AL03	2	5	2.0000	-21.7528	-42.8289	1.0000	0.0000	1.5042	0.7943	2.0409	-22.5806	-21.3543	-32.7151	20.9310	8.5207	13.6639
06AL03	2	6	5.0000	-26.6499	-26.6499	3.0000	1.0000	1.7751	0.8812	2.0528	-20.4093	-23.7546	-32.4861	19.4130	7.3993	16.3033
06AL03	3	1	5.0000	-38.5775	-38.5775	3.0000	1.0000	1.6573	0.3333	0.8874	-18.7545	-31.0082	-26.8873	11.9927	9.6764	21.4466
06AL03	3	2	5.0000	-24.3544	-24.3544	3.0000	1.0000	1.8585	0.8723	1.8365	-32.5096	-23.6679	-20.4725	12.5270	21.3215	9.2671
06AL03	3	3	5.0000	-43.4255	-43.4255	1.0000	1.0000	1.6075	0.7695	0.9871	-19.9015	-24.5076	-32.2409	18.8367	7.2477	17.0312
06AL03	3	4	5.0000	-41.7380	NaN	NaN	NaN	NaN	NaN	NaN	-18.7448	-26.9162	-30.9890	16.7233	7.3027	19.0896
06AL03	3	5	8.0000	-39.5643	NaN	NaN	NaN	NaN	NaN	NaN	-19.0644	-31.5007	-26.0850	11.2451	10.3185	21.5520
06AL03	3	6	2.0000	-15.2294	-15.2294	2.0000	1.0000	1.8434	0.8245	1.3012	-18.4273	-28.2001	-30.0226	15.4241	7.6773	20.0142
06AL03	3	7	5.0000	-35.9578	-35.9578	2.0000	1.0000	2.1250	0.4982	1.3696	-29.5616	-28.7220	-18.3663	8.3930	20.8355	13.8871
06AL03	3	8	8.0000	-27.1870	-43.5250	3.0000	0.0000	1.4883	0.4681	0.9233	-24.0918	-32.3853	-20.1729	7.3211	16.6344	19.1601
