ID	block	trial_n	dim_onset	angle_correct	angle_chosen	choice	acc	tResp_1	conf_rating	tResp_2	x1	x2	x3	y1	y2	y3
06CS01	1	1	2.0000	-26.8862	-26.8862	2.0000	1.0000	17.3670	0.4149	4.2296	-23.9027	-32.4436	-20.3037	7.3629	16.4498	19.3030
06CS01	1	2	5.0000	-16.3455	-28.0658	3.0000	0.0000	5.1213	0.8777	4.4046	-19.8151	-24.6474	-32.1875	18.7251	7.2287	17.1618
06CS01	1	3	5.0000	-30.3095	-42.5555	2.0000	0.0000	14.0111	0.5195	4.5678	-31.5059	-19.0684	-26.0757	18.4176	17.5070	7.1911
06CS01	1	4	8.0000	-26.1194	-26.1194	3.0000	1.0000	15.1737	0.5780	4.1571	-20.6560	-23.4236	-32.5705	19.6528	7.4930	15.9697
06CS01	1	5	2.0000	-42.0690	-42.0690	1.0000	1.0000	17.1497	0.5461	1.4477	-23.6028	-20.5206	-32.5266	21.3036	9.2197	12.5924
06CS01	1	6	2.0000	-16.7996	-16.7996	1.0000	1.0000	5.9230	0.5160	9.5403	-30.5979	-27.4722	-18.5798	9.2378	21.3105	12.5672
06CS01	2	1	5.0000	-38.7363	NaN	NaN	NaN	NaN	NaN	NaN	-28.8378	-29.4534	-18.3588	7.9664	20.4220	14.7273
06CS01	2	2	2.0000	-26.3908	-41.2823	1.0000	0.0000	2.5177	0.8333	1.5940	-24.4787	-19.9197	-32.2516	21.4917	9.8842	11.7397
06CS01	2	3	5.0000	-40.7253	NaN	NaN	NaN	NaN	NaN	NaN	-27.6978	-30.4276	-18.5246	7.4997	19.6680	15.9479
06CS01	2	4	8.0000	-31.2330	-31.2330	1.0000	1.0000	3.2679	0.6489	6.0443	-31.1542	-18.8332	-26.6626	18.8922	16.9651	7.2584
06CS01	2	5	8.0000	-17.3602	-38.6169	3.0000	0.0000	3.2822	0.7482	2.2462	-18.7648	-31.0285	-26.8566	11.9632	9.7001	21.4523
06CS01	2	6	5.0000	-39.9275	-18.4760	1.0000	0.0000	4.7990	0.3723	2.5796	-31.6722	-25.7705	-19.2073	10.5826	21.5685	10.9645
06CS01	2	7	5.0000	-39.8533	-29.8888	1.0000	0.0000	6.3319	0.8617	33.4527	-19.1767	-31.6376	-25.8357	11.0221	10.5273	21.5662
06CS01	2	8	5.0000	-30.3122	-42.5541	3.0000	0.0000	4.3501	0.5390	3.7453	-26.0774	-31.5049	-19.0676	7.1912	18.4190	17.5054
06CS01	3	1	8.0000	-16.1857	-35.9475	3.0000	0.0000	8.3619	0.4592	3.3171	-29.9919	-28.2364	-18.4217	8.7053	21.0519	13.3584
06CS01	3	2	2.0000	-15.4983	-15.4983	2.0000	1.0000	4.8783	0.4273	1.6504	-18.3533	-28.9592	-29.3375	14.5903	8.0301	20.4952
06CS01	3	3	8.0000	-18.5821	NaN	NaN	NaN	NaN	NaN	NaN	-22.8708	-32.6772	-21.1020	7.6889	15.3931	20.0336
06CS01	3	4	8.0000	-20.3322	NaN	NaN	NaN	NaN	NaN	NaN	-21.9531	-32.7500	-21.9469	8.1347	14.3754	20.6055
06CS01	3	5	2.0000	-35.6398	-15.7275	3.0000	0.0000	5.2472	0.7447	3.4657	-28.9196	-18.3548	-29.3756	20.7347	14.1086	8.2723
06CS01	3	6	5.0000	-42.4065	NaN	NaN	NaN	NaN	NaN	NaN	-20.8478	-32.6231	-23.1792	8.9194	13.0258	21.1703
06CS01	3	7	8.0000	-18.5861	-29.4616	3.0000	0.0000	3.8419	0.4752	3.0537	-31.7241	-25.6708	-19.2551	10.6678	21.5709	10.8770
06CS01	3	8	8.0000	-30.1564	NaN	NaN	NaN	NaN	NaN	NaN	-19.1115	-25.9782	-31.5602	17.5946	7.1846	18.3364
06CS01	3	9	5.0000	-16.5252	-16.5252	2.0000	1.0000	6.3722	0.8227	2.7729	-18.5021	-30.3488	-27.7991	12.8998	9.0042	21.2116
06CS01	3	10	8.0000	-42.1994	-15.2773	3.0000	0.0000	3.0237	0.8688	1.0880	-31.2708	-18.9035	-26.4757	18.7437	17.1403	7.2316
