ID	block	trial_n	dim_onset	angle_correct	angle_chosen	choice	acc	tResp_1	conf_rating	tResp_2	x1	x2	x3	y1	y2	y3
05AL02	1	1	5.0000	-16.3427	-37.0135	2.0000	0.0000	2.9176	0.5248	1.0497	-30.1647	-28.0289	-18.4564	8.8452	21.1317	13.1388
05AL02	1	2	5.0000	-42.5313	-15.4056	1.0000	0.0000	2.0048	1.0000	0.8055	-26.1051	-31.4893	-19.0556	7.1933	18.4419	17.4804
05AL02	1	3	2.0000	-17.2751	-17.2751	2.0000	1.0000	2.6915	0.7376	0.8193	-18.7348	-30.9689	-26.9463	12.0495	9.6310	21.4352
05AL02	1	4	5.0000	-39.4666	-39.4666	2.0000	1.0000	1.7841	0.7110	1.1929	-31.4536	-26.1676	-19.0288	10.2503	21.5453	11.3200
05AL02	1	5	5.0000	-40.6244	-19.2025	1.0000	0.0000	5.3067	0.4592	1.0522	-31.9836	-25.1325	-19.5338	11.1395	21.5598	10.4164
05AL02	1	6	2.0000	-15.1825	-41.7589	3.0000	0.0000	3.9691	0.5355	0.8267	-26.8976	-31.0014	-18.7510	7.2991	19.0753	16.7412
05AL02	2	1	2.0000	-24.4795	-41.9717	3.0000	0.0000	1.8188	0.9433	0.7593	-20.4355	-32.4960	-23.7185	9.3041	12.4765	21.3350
05AL02	2	2	5.0000	-18.8684	-43.4745	1.0000	0.0000	5.7149	0.5957	1.3305	-21.2467	-22.7026	-32.7008	20.1443	7.7588	15.2125
05AL02	2	3	2.0000	-39.8558	-18.4071	2.0000	0.0000	3.6903	0.7323	1.7049	-19.1777	-31.6388	-25.8335	11.0202	10.5292	21.5663
05AL02	2	4	2.0000	-15.4660	-30.1335	2.0000	0.0000	2.3813	0.7589	0.9632	-25.9636	-31.5683	-19.1181	7.1838	18.3241	17.6077
05AL02	2	5	5.0000	-27.3386	-27.3386	3.0000	1.0000	5.1106	0.5319	0.8509	-32.1062	-24.8491	-19.6947	11.3960	21.5377	10.1820
05AL02	2	6	8.0000	-42.6104	-42.6104	1.0000	1.0000	1.9745	0.8404	1.3371	-22.9023	-21.0754	-32.6723	21.0674	8.7311	13.3171
05AL02	3	1	8.0000	-34.3070	-34.3070	3.0000	1.0000	2.1186	0.9167	1.2097	-18.3788	-28.5782	-29.6930	15.0155	7.8397	20.2605
05AL02	3	2	8.0000	-42.0360	-21.1086	1.0000	0.0000	7.4112	0.4060	2.5180	-32.5164	-23.6423	-20.4913	12.5526	21.3146	9.2485
05AL02	3	3	2.0000	-15.2387	-33.7522	3.0000	0.0000	19.5561	0.3333	0.8748	-18.4213	-28.2390	-29.9897	15.3826	7.6929	20.0401
05AL02	3	4	8.0000	-42.0200	-42.0200	1.0000	1.0000	4.2438	0.5816	2.2019	-18.8358	-26.6556	-31.1587	16.9717	7.2573	18.8866
05AL02	3	5	8.0000	-22.9171	-22.9171	1.0000	1.0000	8.5988	0.3333	2.2310	-32.7301	-22.4229	-21.4970	13.8373	20.8574	8.4210
05AL02	3	6	8.0000	-41.5592	-31.8768	1.0000	0.0000	4.7279	0.5408	1.5842	-30.8850	-18.6952	-27.0697	19.2069	16.5746	7.3341
