ID	block	trial_n	dim_onset	angle_correct	angle_chosen	choice	acc	tResp_1	conf_rating	tResp_2	x1	x2	x3	y1	y2	y3
03CS02	1	1	5.0000	-42.7507	-15.5321	2.0000	0.0000	4.0748	0.7819	1.9084	-19.1824	-25.8235	-31.6442	17.7325	7.1771	18.2061
03CS02	1	2	5.0000	-28.7960	NaN	NaN	NaN	NaN	NaN	NaN	-25.1115	-31.9931	-19.5455	7.1852	17.5854	18.3450
03CS02	1	3	5.0000	-24.1695	-24.1695	3.0000	1.0000	2.6005	0.7535	1.1604	-32.5292	-23.5929	-20.5280	12.6024	21.3008	9.2125
03CS02	1	4	8.0000	-24.2144	-42.0621	1.0000	0.0000	2.6270	0.5284	1.2669	-23.6111	-20.5144	-32.5245	21.3059	9.2257	12.5840
03CS02	1	5	2.0000	-22.7496	-21.6337	3.0000	0.0000	2.7236	0.5372	1.2673	-32.7205	-22.5288	-21.4007	13.7206	20.9074	8.4877
03CS02	1	6	8.0000	-31.2813	-41.9809	2.0000	0.0000	2.6750	0.5798	2.8017	-31.1347	-18.8221	-26.6932	18.9163	16.9361	7.2632
03CS02	1	7	5.0000	-43.5673	-43.5673	1.0000	1.0000	2.3810	0.5780	0.8137	-20.7678	-23.2798	-32.6024	19.7543	7.5391	15.8222
03CS02	2	1	2.0000	-21.7512	-23.1874	3.0000	0.0000	4.7880	0.5248	2.0083	-32.6210	-23.1893	-20.8396	13.0153	21.1739	8.9265
03CS02	2	2	5.0000	-18.4193	-18.4193	2.0000	1.0000	3.2511	0.8085	1.8107	-21.0183	-22.9704	-32.6612	19.9669	7.6498	15.4989
03CS02	2	3	2.0000	-19.8399	-41.1574	3.0000	0.0000	2.3895	0.5674	1.8722	-19.8395	-32.2030	-24.6075	9.9866	11.6191	21.5099
03CS02	2	4	2.0000	-39.5009	-18.0804	1.0000	0.0000	3.9559	0.5018	1.9734	-31.4702	-26.1387	-19.0411	10.2741	21.5478	11.2938
03CS02	2	5	8.0000	-41.9834	-41.9834	2.0000	1.0000	1.9272	0.8511	1.1180	-31.1362	-18.8230	-26.6908	18.9144	16.9384	7.2628
03CS02	2	6	2.0000	-41.6464	-41.6464	2.0000	1.0000	2.0663	0.8298	1.0616	-32.3862	-24.0890	-20.1749	12.1121	21.4221	9.5815
03CS02	3	1	5.0000	-15.7533	-15.7533	3.0000	1.0000	1.9214	0.7908	1.7400	-28.8768	-18.3567	-29.4165	20.7572	14.0603	8.2981
03CS02	3	2	2.0000	-16.0940	-16.0940	1.0000	1.0000	1.7831	0.7801	0.9113	-24.9455	-32.0656	-19.6389	7.1973	17.4356	18.4827
03CS02	3	3	8.0000	-16.8690	-16.8690	2.0000	1.0000	2.1123	0.8316	1.8833	-18.6010	-30.6565	-27.3926	12.4875	9.2961	21.3321
03CS02	3	4	5.0000	-19.4649	-27.5023	3.0000	0.0000	2.1291	0.5745	1.6153	-32.0795	-24.9128	-19.6577	11.3379	21.5436	10.2341
03CS02	3	5	8.0000	-20.4613	NaN	NaN	NaN	NaN	NaN	NaN	-24.1223	-20.1523	-32.3754	21.4289	9.6069	12.0798
03CS02	3	6	8.0000	-19.1082	-19.1082	3.0000	1.0000	1.9668	0.8050	1.6282	-25.2129	-19.4900	-31.9471	21.5640	10.4839	11.0678
03CS02	3	7	8.0000	-28.2050	-28.2050	1.0000	1.0000	1.3382	1.0000	0.7733	-32.1525	-19.7618	-24.7357	17.2436	18.6540	7.2181
