ID	block	trial_n	dim_onset	angle_correct	angle_chosen	choice	acc	tResp_1	conf_rating	tResp_2	x1	x2	x3	y1	y2	y3
01LF01	1	1	5.0000	-34.5825	NaN	NaN	NaN	NaN	NaN	NaN	-29.5402	-18.3646	-28.7452	20.3651	14.8309	7.9197
01LF01	1	2	2.0000	-37.4114	-34.7688	2.0000	0.0000	14.7842	0.5018	4.2304	-27.7521	-18.5124	-30.3855	21.2269	12.8515	9.0373
01LF01	1	3	8.0000	-18.6780	NaN	NaN	NaN	NaN	NaN	NaN	-31.7661	-25.5885	-19.2955	10.7386	21.5718	10.8052
01LF01	1	4	2.0000	-41.1038	NaN	NaN	NaN	NaN	NaN	NaN	-32.1818	-24.6620	-19.8062	11.5684	21.5169	10.0303
01LF01	1	5	5.0000	-17.5522	NaN	NaN	NaN	NaN	NaN	NaN	-26.6583	-18.8348	-31.1569	21.4861	11.7746	9.8549
01LF01	1	6	8.0000	-36.5196	NaN	NaN	NaN	NaN	NaN	NaN	-18.4040	-29.8855	-28.3605	13.4914	8.6235	21.0007
01LF01	1	7	5.0000	-35.1947	-15.5755	3.0000	0.0000	10.0331	0.4025	1.9635	-29.1875	-18.3501	-29.1124	20.5855	14.4153	8.1149
01LF01	1	8	8.0000	-32.0610	-41.4178	3.0000	0.0000	9.0669	0.8085	1.4773	-27.1858	-30.8044	-18.6598	7.3602	19.2944	16.4611
01LF01	1	9	2.0000	-41.6583	-15.1696	1.0000	0.0000	3.3289	0.7500	1.4155	-26.9856	-30.9424	-18.7220	7.3165	19.1429	16.6563
01LF01	1	10	5.0000	-43.3523	-43.3523	2.0000	1.0000	2.8986	0.8121	1.6804	-32.7382	-21.5984	-22.3134	14.7847	20.3906	7.9404
01LF01	1	11	8.0000	-42.1919	NaN	NaN	NaN	NaN	NaN	NaN	-20.6336	-32.5636	-23.4528	9.1118	12.7442	21.2597
01LF01	1	12	8.0000	-26.1387	-43.5747	1.0000	0.0000	2.0367	0.8121	1.0913	-20.6467	-23.4356	-32.5676	19.6443	7.4893	15.9820
01LF01	2	1	8.0000	-27.0766	-16.9813	2.0000	0.0000	1.6676	0.7340	1.1599	-20.2204	-24.0224	-32.4072	19.2129	7.3358	16.5669
01LF01	2	2	2.0000	-22.7282	-42.5420	2.0000	0.0000	4.6516	0.7128	0.8769	-32.6567	-22.9972	-20.9961	13.2165	21.1041	8.7950
01LF01	2	3	8.0000	-26.1650	-26.1650	2.0000	1.0000	1.9319	0.7553	1.3798	-24.3900	-19.9761	-32.2839	21.4778	9.8143	11.8235
01LF01	2	4	8.0000	-39.1109	-17.7471	2.0000	0.0000	2.5498	0.7394	1.2452	-18.9087	-31.2789	-26.4625	11.5911	10.0107	21.5138
01LF01	2	5	5.0000	-35.5128	NaN	NaN	NaN	NaN	NaN	NaN	-30.1423	-28.0563	-18.4514	8.8265	21.1216	13.1675
01LF01	2	6	2.0000	-21.8870	NaN	NaN	NaN	NaN	NaN	NaN	-23.0965	-20.9146	-32.6389	21.1409	8.8625	13.1121
01LF01	2	7	5.0000	-15.4197	-30.3017	3.0000	0.0000	2.0645	0.7394	0.7303	-19.0706	-26.0708	-31.5087	17.5115	7.1907	18.4134
01LF01	2	8	2.0000	-30.8798	-15.2882	1.0000	0.0000	2.7143	0.5922	1.0638	-26.4385	-31.2935	-18.9180	7.2269	18.7138	17.1749
01LF01	3	1	8.0000	-43.2372	-28.6248	1.0000	0.0000	2.3810	0.7518	0.9970	-32.0411	-19.6064	-25.0025	17.4873	18.4356	7.1927
01LF01	3	2	2.0000	-31.1503	NaN	NaN	NaN	NaN	NaN	NaN	-18.9640	-31.3626	-26.3235	11.4625	10.1229	21.5302
01LF01	3	3	2.0000	-23.0044	-23.0044	3.0000	1.0000	1.8085	0.6720	1.2031	-22.3683	-21.5473	-32.7344	20.8307	8.3870	13.8979
01LF01	3	4	5.0000	-35.7742	-37.3582	3.0000	0.0000	2.7791	0.6738	1.1321	-29.4545	-28.8367	-18.3588	8.3225	20.7779	14.0152
01LF01	3	5	5.0000	-19.3740	-43.3923	3.0000	0.0000	2.0123	0.6826	0.8652	-22.4247	-32.7300	-21.4953	7.8855	14.9084	20.3216
01LF01	3	6	5.0000	-17.9095	-31.0975	2.0000	0.0000	1.7860	0.9149	1.0757	-26.3030	-18.9723	-31.3747	21.5324	11.4437	10.1395
01LF01	3	7	2.0000	-15.2377	NaN	NaN	NaN	NaN	NaN	NaN	-18.4219	-28.2349	-29.9932	15.3870	7.6912	20.0374
01LF01	3	8	2.0000	-25.5613	NaN	NaN	NaN	NaN	NaN	NaN	-23.0782	-32.6423	-20.9295	7.6095	15.6125	19.8937
