ID	block	trial_n	dim_onset	angle_correct	angle_chosen	choice	acc	tResp_1	conf_rating	tResp_2	x1	x2	x3	y1	y2	y3
05CS01	1	1	8.0000	-28.9693	NaN	NaN	NaN	NaN	NaN	NaN	-31.8197	-25.4807	-19.3495	10.8320	21.5715	10.7121
05CS01	1	2	8.0000	-34.7932	NaN	NaN	NaN	NaN	NaN	NaN	-28.8722	-29.4208	-18.3570	7.9841	20.4428	14.6886
05CS01	1	3	8.0000	-32.7046	NaN	NaN	NaN	NaN	NaN	NaN	-30.5102	-18.5502	-27.5895	19.5907	16.0581	7.4668
05CS01	1	4	5.0000	-36.7604	-16.2124	1.0000	0.0000	3.8198	0.4858	1.9420	-30.0223	-28.2005	-18.4272	8.7293	21.0663	13.3200
05CS01	1	5	5.0000	-24.8961	-20.7756	3.0000	0.0000	2.1537	1.0000	0.9750	-23.8862	-20.3153	-32.4485	21.3770	9.4284	12.3102
05CS01	1	6	2.0000	-29.7417	-15.5882	2.0000	0.0000	3.8197	0.7713	2.3094	-19.2343	-25.7140	-31.7018	17.8289	7.1737	18.1129
05CS01	1	7	8.0000	-15.1870	-31.5614	2.0000	0.0000	3.9910	0.4149	7.1044	-26.8705	-31.0194	-18.7601	7.2940	19.0544	16.7672
05CS01	1	8	8.0000	-22.7621	-42.8672	3.0000	0.0000	2.3104	0.5567	3.7853	-21.4079	-32.7213	-22.5209	8.4827	13.7293	20.9037
05CS01	1	9	8.0000	-35.6857	-15.7445	2.0000	0.0000	4.0834	0.7482	3.7795	-18.3561	-29.4026	-28.8914	14.0767	8.2893	20.7496
05CS01	2	1	5.0000	-41.2970	-41.2970	2.0000	1.0000	3.4350	0.4699	2.2772	-30.7367	-18.6319	-27.2814	19.3657	16.3668	7.3832
05CS01	2	2	5.0000	-43.5103	-27.3108	1.0000	0.0000	7.3660	0.4557	5.8144	-32.3598	-20.1203	-24.1699	16.7099	19.1003	7.3054
05CS01	2	3	2.0000	-16.4378	NaN	NaN	NaN	NaN	NaN	NaN	-24.5468	-32.2262	-19.8770	7.2421	17.0679	18.8056
05CS01	2	4	5.0000	-15.5332	-35.0573	1.0000	0.0000	3.2888	0.4645	1.6895	-29.2682	-18.3513	-29.0305	20.5375	14.5091	8.0690
05CS01	2	5	8.0000	-25.1978	-43.5091	3.0000	0.0000	3.0134	0.4202	1.8651	-22.8551	-32.6796	-21.1154	7.6953	15.3763	20.0441
05CS01	2	6	2.0000	-32.3772	-17.4134	2.0000	0.0000	1.9126	0.8369	1.7153	-18.7839	-31.0650	-26.8011	11.9102	9.7431	21.4623
05CS01	2	7	2.0000	-28.7397	-18.9007	3.0000	0.0000	1.2954	0.8209	2.0321	-25.3921	-19.3951	-31.8628	21.5701	10.6360	10.9095
05CS01	3	1	2.0000	-15.8906	-15.8906	3.0000	1.0000	4.2344	0.4592	2.9276	-31.9441	-19.4865	-25.2195	17.6818	18.2543	7.1795
05CS01	3	2	5.0000	-30.5644	-15.3547	3.0000	0.0000	3.8293	0.3333	0.8986	-31.4129	-18.9992	-26.2379	18.5512	17.3596	7.2048
05CS01	3	3	2.0000	-15.1723	-15.1723	1.0000	1.0000	1.7020	0.5408	2.1259	-26.9656	-30.9559	-18.7285	7.3124	19.1275	16.6757
05CS01	3	4	8.0000	-15.4706	-42.6530	3.0000	0.0000	2.2293	0.5177	2.2988	-25.9533	-31.5739	-19.1227	7.1832	18.3155	17.6169
05CS01	3	5	8.0000	-38.7264	-34.7442	1.0000	0.0000	5.2479	0.4060	1.5807	-29.4488	-18.3585	-28.8427	20.4249	14.7218	7.9689
05CS01	3	6	2.0000	-30.6469	NaN	NaN	NaN	NaN	NaN	NaN	-31.4760	-26.1285	-19.0455	10.2825	21.5486	11.2845
05CS01	3	7	2.0000	-17.7147	-43.5748	1.0000	0.0000	2.4922	0.8174	1.4027	-20.6425	-23.4411	-32.5664	19.6403	7.4877	15.9876
