ID	block	trial_n	dim_onset	angle_correct	angle_chosen	choice	acc	tResp_1	conf_rating	tResp_2	x1	x2	x3	y1	y2	y3
03LF02	1	1	2.0000	-16.6498	-16.6498	3.0000	1.0000	2.1401	0.7145	0.9268	-32.3053	-20.0150	-24.3297	16.8630	18.9766	7.2760
03LF02	1	2	5.0000	-39.2939	-39.2939	1.0000	1.0000	1.8762	0.6986	0.7017	-26.3120	-18.9686	-31.3694	21.5314	11.4520	10.1322
03LF02	1	3	5.0000	-36.5512	NaN	NaN	NaN	NaN	NaN	NaN	-18.3881	-29.7717	-28.4902	13.6320	8.5395	20.9442
03LF02	1	4	2.0000	-42.6210	-42.6210	3.0000	1.0000	2.2929	0.7429	1.0513	-21.0880	-32.6747	-22.8873	8.7211	13.3331	21.0614
03LF02	1	5	5.0000	-22.5436	-22.5436	3.0000	1.0000	1.8282	0.7376	1.1965	-22.6610	-21.2831	-32.7059	20.9668	8.5724	13.5764
03LF02	1	6	8.0000	-39.9129	-18.4619	3.0000	0.0000	2.2949	0.7429	0.9148	-25.7833	-19.2012	-31.6654	21.5681	10.9758	10.5717
03LF02	1	7	5.0000	-43.5752	-43.5752	1.0000	1.0000	1.9482	0.7642	1.2302	-20.6282	-23.4599	-32.5619	19.6269	7.4819	16.0068
03LF02	2	1	8.0000	-39.0797	-39.0797	3.0000	1.0000	1.8171	0.7358	0.8605	-18.8988	-31.2633	-26.4879	11.6147	9.9903	21.5105
03LF02	2	2	2.0000	-42.6278	-42.6278	3.0000	1.0000	1.7523	0.7163	0.8258	-25.9856	-31.5562	-19.1082	7.1851	18.3425	17.5881
03LF02	2	3	2.0000	-26.7324	-26.7324	1.0000	1.0000	2.0327	0.7872	0.8117	-32.4716	-20.3721	-23.8062	16.3545	19.3749	7.3862
03LF02	2	4	8.0000	-21.0848	-42.0216	1.0000	0.0000	6.2854	0.7340	0.7601	-23.6595	-20.4786	-32.5118	21.3193	9.2610	12.5354
03LF02	2	5	8.0000	-16.7472	-37.7173	2.0000	0.0000	4.6833	0.7163	0.6787	-30.5526	-27.5332	-18.5642	9.1936	21.2934	12.6286
03LF02	2	6	5.0000	-40.7293	-40.7293	2.0000	1.0000	2.5545	0.7163	1.0399	-32.0282	-25.0320	-19.5898	11.2298	21.5532	10.3326
03LF02	3	1	5.0000	-29.9794	-29.9794	3.0000	1.0000	1.6884	0.7447	1.0563	-31.6189	-25.8706	-19.1605	10.4978	21.5647	11.0531
03LF02	3	2	8.0000	-29.9675	-15.5153	2.0000	0.0000	4.3354	0.7695	1.2267	-19.1664	-25.8579	-31.6257	17.7019	7.1785	18.2352
03LF02	3	3	2.0000	-27.0912	-27.0912	1.0000	1.0000	1.6880	0.7145	0.6900	-32.4044	-20.2141	-24.0316	16.5759	19.2059	7.3338
03LF02	3	4	8.0000	-26.0910	NaN	NaN	NaN	NaN	NaN	NaN	-24.3609	-19.9948	-32.2943	21.4730	9.7915	11.8511
03LF02	3	5	5.0000	-24.9777	-24.9777	3.0000	1.0000	2.1850	0.7216	0.8766	-32.4388	-23.9188	-20.2923	12.2781	21.3847	9.4528
03LF02	3	6	2.0000	-34.8662	NaN	NaN	NaN	NaN	NaN	NaN	-30.3546	-27.7917	-18.5037	9.0095	21.2140	12.8921
03LF02	3	7	8.0000	-34.1054	-34.1054	1.0000	1.0000	1.7280	0.7004	1.0168	-29.8025	-18.3921	-28.4554	20.1819	15.1496	7.7841
03LF02	3	8	2.0000	-40.6738	-40.6738	2.0000	1.0000	1.6388	0.7801	1.0393	-30.4006	-18.5167	-27.7328	19.6928	15.9121	7.5107
