ID	block	trial_n	dim_onset	angle_correct	angle_chosen	choice	acc	tResp_1	conf_rating	tResp_2	x1	x2	x3	y1	y2	y3
02al02	1	1	2.0000	-27.1629	NaN	NaN	NaN	NaN	NaN	NaN	-24.0767	-32.3901	-20.1832	7.3242	16.6198	19.1716
02al02	1	2	8.0000	-27.9665	NaN	NaN	NaN	NaN	NaN	NaN	-19.5557	-32.0013	-25.0929	10.3833	11.1750	21.5574
02al02	1	3	5.0000	-43.3702	-43.3702	3.0000	1.0000	4.9890	0.6011	2.3294	-24.6754	-32.1765	-19.7981	7.2252	17.1877	18.7027
02al02	1	4	5.0000	-19.9063	NaN	NaN	NaN	NaN	NaN	NaN	-19.8723	-32.2233	-24.5544	9.9443	11.6687	21.5027
02al02	1	5	5.0000	-43.3458	NaN	NaN	NaN	NaN	NaN	NaN	-21.6146	-22.2961	-32.7392	20.4012	7.9491	14.7653
02al02	1	6	2.0000	-41.6461	NaN	NaN	NaN	NaN	NaN	NaN	-30.9352	-18.7186	-26.9962	19.1509	16.6461	7.3186
02al02	1	7	2.0000	-18.8395	NaN	NaN	NaN	NaN	NaN	NaN	-21.2322	-22.7192	-32.6986	20.1335	7.7517	15.2304
02al02	1	8	8.0000	-42.1240	NaN	NaN	NaN	NaN	NaN	NaN	-23.5362	-20.5704	-32.5434	21.2845	9.1715	12.6596
02al02	1	9	5.0000	-37.9780	NaN	NaN	NaN	NaN	NaN	NaN	-30.6929	-27.3423	-18.6147	9.3330	21.3452	12.4374
02al02	1	10	5.0000	-33.3730	NaN	NaN	NaN	NaN	NaN	NaN	-30.7993	-27.1931	-18.6576	9.4439	21.3819	12.2898
02al02	1	11	2.0000	-16.3734	NaN	NaN	NaN	NaN	NaN	NaN	-24.6166	-32.1995	-19.8340	7.2326	17.1331	18.7499
02al02	1	12	2.0000	-41.5122	-31.9388	3.0000	0.0000	4.5980	0.5993	3.6643	-18.6831	-27.1088	-30.8581	16.5365	7.3426	19.2365
02al02	1	13	8.0000	-42.3133	NaN	NaN	NaN	NaN	NaN	NaN	-31.3440	-18.9514	-26.3547	18.6462	17.2525	7.2170
02al02	1	14	5.0000	-16.3360	NaN	NaN	NaN	NaN	NaN	NaN	-28.0375	-18.4548	-30.1577	21.1285	13.1478	8.8393
02al02	1	15	5.0000	-42.7773	NaN	NaN	NaN	NaN	NaN	NaN	-31.6637	-19.1996	-25.7867	18.1749	17.7649	7.1758
02al02	1	16	2.0000	-15.7267	NaN	NaN	NaN	NaN	NaN	NaN	-19.3546	-25.4707	-31.8247	18.0403	7.1723	17.9030
02al02	2	1	2.0000	-35.9918	-35.9918	3.0000	1.0000	1.8303	0.9326	2.8483	-29.9762	-28.2549	-18.4189	8.6931	21.0445	13.3781
02al02	2	2	8.0000	-26.1626	-26.1626	2.0000	1.0000	3.9311	0.8209	2.8813	-23.4505	-32.5642	-20.6354	7.4848	15.9972	19.6337
02al02	2	3	8.0000	-15.7783	NaN	NaN	NaN	NaN	NaN	NaN	-25.3879	-31.8648	-19.3972	7.1737	17.8306	18.1113
02al02	2	4	8.0000	-15.8861	NaN	NaN	NaN	NaN	NaN	NaN	-28.6664	-18.3708	-29.6128	20.8625	13.8254	8.4277
02al02	2	5	5.0000	-15.3070	NaN	NaN	NaN	NaN	NaN	NaN	-28.4799	-29.7808	-18.3893	7.7950	20.1977	15.1230
02al02	2	6	8.0000	-39.0777	NaN	NaN	NaN	NaN	NaN	NaN	-31.2623	-26.4895	-18.8982	9.9890	21.5103	11.6163
02al02	3	1	2.0000	-15.6809	NaN	NaN	NaN	NaN	NaN	NaN	-28.9986	-18.3521	-29.2993	20.6922	14.1983	8.2251
02al02	3	2	8.0000	-15.3177	NaN	NaN	NaN	NaN	NaN	NaN	-29.7518	-18.3856	-28.5125	20.2186	15.0874	7.8096
02al02	3	3	2.0000	-29.3671	-42.9843	3.0000	0.0000	3.7992	0.7748	4.1117	-25.4752	-31.8224	-19.3523	7.1723	17.9069	18.0364
02al02	3	4	2.0000	-33.4502	NaN	NaN	NaN	NaN	NaN	NaN	-18.4520	-28.0529	-30.1451	15.5798	7.6209	19.9149
02al02	3	5	5.0000	-34.3960	NaN	NaN	NaN	NaN	NaN	NaN	-29.6440	-18.3737	-28.6323	20.2947	14.9560	7.8650
02al02	3	6	5.0000	-15.6689	NaN	NaN	NaN	NaN	NaN	NaN	-25.5681	-31.7763	-19.3056	7.1719	17.9875	17.9562
