ID	block	trial_n	dim_onset	angle_correct	angle_chosen	choice	acc	tResp_1	conf_rating	tResp_2	x1	x2	x3	y1	y2	y3
06AL02	1	1	8.0000	-18.0233	-39.4363	2.0000	0.0000	2.0362	0.3333	1.2305	-31.4389	-26.1932	-19.0180	10.2293	21.5431	11.3433
06AL02	1	2	5.0000	-30.1856	-30.1856	1.0000	1.0000	1.7297	0.8174	1.4156	-31.5500	-19.1032	-25.9968	18.3519	17.5780	7.1858
06AL02	1	3	2.0000	-18.6818	-18.6818	2.0000	1.0000	1.6670	0.7074	2.7113	-21.1527	-22.8112	-32.6860	20.0731	7.7131	15.3294
06AL02	1	4	2.0000	-15.4901	-38.5199	1.0000	0.0000	3.0518	0.4362	2.0425	-18.3539	-28.9420	-29.3541	14.6098	8.0209	20.4849
06AL02	1	5	8.0000	-15.1531	-31.9779	1.0000	0.0000	2.1938	0.5284	1.4319	-30.8410	-18.6756	-27.1335	19.2550	16.5124	7.3482
06AL02	1	6	8.0000	-29.3043	-29.3043	1.0000	1.0000	1.8430	0.8422	1.4861	-31.8420	-19.3728	-25.4353	17.8720	18.0708	7.1728
06AL02	2	1	5.0000	-23.3004	-23.3004	3.0000	1.0000	1.5785	0.7199	1.3330	-22.1858	-21.7192	-32.7450	20.7376	8.2755	14.1025
06AL02	2	2	2.0000	-26.7847	-41.1323	3.0000	0.0000	2.1448	0.4840	1.1002	-19.8238	-32.1931	-24.6331	10.0071	11.5953	21.5133
06AL02	2	3	2.0000	-41.1033	-32.4478	2.0000	0.0000	2.7328	0.3404	0.9795	-27.4288	-30.6300	-18.5913	7.4213	19.4742	16.2201
06AL02	2	4	8.0000	-40.5081	-40.5081	2.0000	1.0000	1.8730	0.7429	2.9720	-30.3144	-18.4928	-27.8428	19.7701	15.7989	7.5467
06AL02	2	5	2.0000	-21.5452	-21.5452	3.0000	1.0000	1.7676	0.8032	1.8109	-23.3321	-20.7268	-32.5911	21.2218	9.0262	12.8677
06AL02	2	6	5.0000	-28.6474	-28.6474	3.0000	1.0000	1.9687	0.8635	1.1591	-19.5983	-25.0169	-32.0348	18.4237	7.1916	17.5003
06AL02	3	1	2.0000	-23.0696	-21.1762	2.0000	0.0000	2.8677	0.3333	0.8263	-22.3277	-21.5850	-32.7372	20.8106	8.3620	13.9431
06AL02	3	2	5.0000	-29.8637	-29.8637	1.0000	1.0000	2.0967	0.9202	3.9652	-31.6610	-19.1973	-25.7917	18.1792	17.7605	7.1759
06AL02	3	3	8.0000	-20.2999	-20.2999	2.0000	1.0000	4.9602	0.4202	1.7520	-20.0698	-32.3343	-24.2460	9.7021	11.9607	21.4528
06AL02	3	4	5.0000	-17.9999	-17.9999	2.0000	1.0000	1.9399	0.3333	0.9054	-20.7976	-23.2421	-32.6103	19.7806	7.5518	15.7832
06AL02	3	5	5.0000	-15.1835	-15.1835	1.0000	1.0000	2.2691	0.8989	1.8600	-27.9687	-30.2137	-18.4676	7.5903	19.8573	15.6680
06AL02	3	6	8.0000	-43.2807	-43.2807	1.0000	1.0000	1.5165	0.9167	1.6117	-19.6626	-24.9042	-32.0831	18.5166	7.2009	17.3981
