ID	block	trial_n	dim_onset	angle_correct	angle_chosen	choice	acc	tResp_1	conf_rating	tResp_2	x1	x2	x3	y1	y2	y3
03LF01	1	1	5.0000	-41.0327	-19.6834	1.0000	0.0000	4.3310	0.7571	1.7802	-32.1534	-24.7336	-19.7630	11.5021	21.5254	10.0881
03LF01	1	2	2.0000	-15.2096	-15.2096	1.0000	1.0000	2.3163	0.7518	1.1111	-26.7495	-31.0985	-18.8020	7.2725	18.9604	16.8828
03LF01	1	3	2.0000	-22.6734	-22.6734	1.0000	1.0000	2.2182	0.7660	1.6405	-32.7154	-22.5774	-21.3571	13.6674	20.9296	8.5187
03LF01	1	4	2.0000	-33.4464	-33.4464	2.0000	1.0000	2.0189	0.7447	1.2244	-28.0505	-30.1470	-18.4525	7.6200	19.9133	15.5823
03LF01	1	5	5.0000	-31.2630	NaN	NaN	NaN	NaN	NaN	NaN	-26.6816	-31.1421	-18.8263	7.2614	18.9072	16.9471
03LF01	1	6	8.0000	-41.2445	-26.4908	2.0000	0.0000	2.9771	0.7358	1.2349	-24.5180	-19.8950	-32.2370	21.4975	9.9153	11.7028
03LF01	1	7	5.0000	-28.4591	-28.4591	3.0000	1.0000	1.9901	0.7713	1.2379	-19.6667	-24.8972	-32.0861	18.5224	7.2015	17.3917
03LF01	2	1	8.0000	-36.0977	-36.8876	3.0000	0.0000	1.6947	0.7358	1.0667	-29.6429	-28.6335	-18.3736	8.4483	20.8782	13.7891
03LF01	2	2	5.0000	-29.1651	-29.1651	3.0000	1.0000	1.8673	0.8050	0.7440	-19.4189	-25.3465	-31.8846	18.1467	7.1748	17.7942
03LF01	2	3	5.0000	-15.2990	-15.2990	3.0000	1.0000	2.1844	0.7323	1.0273	-31.3149	-18.9320	-26.4032	18.6854	17.2076	7.2226
03LF01	2	4	2.0000	-31.9326	-31.9326	2.0000	1.0000	2.5610	0.7465	1.0668	-26.6275	-18.8461	-31.1764	21.4908	11.7455	9.8793
03LF01	2	5	2.0000	-28.5753	-40.4160	2.0000	0.0000	1.8474	0.7713	1.1136	-31.8932	-25.3285	-19.4283	10.9654	21.5685	10.5818
03LF01	2	6	8.0000	-25.8916	-25.8916	3.0000	1.0000	2.6428	0.7358	0.7687	-20.7659	-23.2822	-32.6019	19.7526	7.5383	15.8247
03LF01	3	1	2.0000	-33.5837	NaN	NaN	NaN	NaN	NaN	NaN	-27.2767	-18.6332	-30.7401	21.3618	12.3723	9.3816
03LF01	3	2	8.0000	-35.0543	-15.5323	2.0000	0.0000	2.6197	0.7784	0.9079	-18.3513	-29.0287	-29.2700	14.5112	8.0680	20.5364
03LF01	3	3	5.0000	-19.0578	NaN	NaN	NaN	NaN	NaN	NaN	-25.2560	-19.4668	-31.9272	21.5659	10.5203	11.0294
03LF01	3	4	8.0000	-43.5531	NaN	NaN	NaN	NaN	NaN	NaN	-32.4445	-20.3057	-23.8998	16.4469	19.3052	7.3635
03LF01	3	5	8.0000	-17.7639	-17.7639	2.0000	1.0000	2.3402	0.7199	0.7216	-18.9152	-31.2890	-26.4458	11.5757	10.0240	21.5159
03LF01	3	6	5.0000	-30.6675	-15.3316	1.0000	0.0000	3.0910	0.7394	0.9204	-26.3035	-31.3744	-18.9721	7.2114	18.6047	17.2996
03LF01	3	7	2.0000	-26.2845	-20.0546	3.0000	0.0000	2.0575	0.7216	0.7535	-24.4370	-19.9461	-32.2669	21.4853	9.8512	11.7791
03LF01	3	8	5.0000	-30.3954	-30.3954	2.0000	1.0000	1.2976	0.7979	1.5806	-26.1304	-31.4749	-19.0447	7.1953	18.4628	17.4575
03LF01	3	9	8.0000	-27.6925	-43.4533	1.0000	0.0000	1.6103	0.7181	1.2173	-19.9627	-24.4109	-32.2764	18.9130	7.2625	16.9401
