ID	block	trial_n	dim_onset	angle_correct	angle_chosen	choice	acc	tResp_1	conf_rating	tResp_2	x1	x2	x3	y1	y2	y3
05AL01	1	1	5.0000	-24.4680	-21.0100	1.0000	0.0000	6.9132	0.6720	5.6328	-32.4973	-23.7138	-20.4389	12.4811	21.3338	9.3007
05AL01	1	2	8.0000	-24.4198	-43.3778	2.0000	0.0000	6.2173	0.3830	3.1943	-32.7333	-21.5338	-22.3829	14.8621	20.3477	7.9058
05AL01	1	3	8.0000	-15.1897	-41.8068	2.0000	0.0000	6.6319	0.5851	1.7465	-31.0297	-18.7655	-26.8548	19.0423	16.7823	7.2911
05AL01	1	4	8.0000	-36.8838	-36.8838	1.0000	1.0000	2.6883	0.8067	1.4195	-28.1173	-18.4408	-30.0919	21.0986	13.2318	8.7852
05AL01	1	5	8.0000	-39.8282	-39.8282	2.0000	1.0000	2.6044	0.5940	0.9069	-31.6259	-25.8576	-19.1665	10.5088	21.5653	11.0416
05AL01	1	6	5.0000	-18.7960	-43.4847	2.0000	0.0000	2.1655	0.9929	1.7459	-32.6953	-21.2104	-22.7443	15.2575	20.1171	7.7410
05AL01	2	1	5.0000	-16.4829	-37.2702	3.0000	0.0000	3.4414	0.5833	1.1036	-18.4910	-30.3076	-27.8514	12.9538	8.9677	21.1942
05AL01	2	2	2.0000	-16.8318	-16.8318	2.0000	1.0000	2.4052	0.7660	1.4064	-20.1291	-24.1568	-32.3642	19.1104	7.3080	16.6972
05AL01	2	3	8.0000	-37.2271	-37.2271	2.0000	1.0000	3.0600	0.5816	1.4518	-28.7798	-18.3623	-29.5080	20.8068	13.9514	8.3573
05AL01	2	4	2.0000	-25.0499	-25.0499	2.0000	1.0000	3.4962	0.5372	1.4152	-22.7647	-32.6926	-21.1927	7.7324	15.2795	20.1037
05AL01	2	5	2.0000	-42.7913	-42.7913	1.0000	1.0000	2.0851	0.8404	1.4595	-22.6381	-21.3033	-32.7086	20.9568	8.5577	13.6012
05AL01	2	6	5.0000	-32.2069	-38.7722	1.0000	0.0000	2.6690	0.7908	1.7256	-26.7345	-18.8073	-31.1081	21.4738	11.8468	9.7951
05AL01	3	1	5.0000	-34.4715	-37.5803	1.0000	0.0000	2.7858	0.8103	0.8926	-27.6319	-18.5400	-30.4781	21.2643	12.7286	9.1227
05AL01	3	2	5.0000	-35.9792	-15.8587	3.0000	0.0000	3.7117	0.4450	1.4842	-28.7086	-18.3674	-29.5741	20.8421	13.8722	8.4014
05AL01	3	3	2.0000	-32.0921	-41.3934	2.0000	0.0000	1.9841	0.8706	1.9107	-30.7907	-18.6540	-27.2054	19.3090	16.4418	7.3648
05AL01	3	4	2.0000	-40.0289	-40.0289	1.0000	1.0000	4.5019	0.3759	0.8768	-18.4367	-28.1417	-30.0716	15.4861	7.6545	19.9750
05AL01	3	5	8.0000	-41.9165	-31.3773	1.0000	0.0000	4.2596	0.4397	1.2022	-31.0955	-18.8004	-26.7541	18.9639	16.8784	7.2733
05AL01	3	6	2.0000	-42.3642	-15.3332	2.0000	0.0000	3.2010	0.3546	1.2275	-18.9741	-26.2987	-31.3773	17.3040	7.2109	18.6007
