ID	block	trial_n	dim_onset	angle_correct	angle_chosen	choice	acc	tResp_1	conf_rating	tResp_2	x1	x2	x3	y1	y2	y3
04LF02	1	1	5.0000	-38.7959	-38.7959	1.0000	1.0000	2.7596	0.7394	1.6905	-26.7157	-18.8140	-31.1203	21.4769	11.8289	9.8098
04LF02	1	2	5.0000	-42.4715	NaN	NaN	NaN	NaN	NaN	NaN	-23.0929	-20.9175	-32.6396	21.1396	8.8601	13.1159
04LF02	1	3	2.0000	-37.5265	-37.5265	2.0000	1.0000	3.5513	0.7447	0.9928	-30.4487	-27.6704	-18.5309	9.0952	21.2526	12.7678
04LF02	1	4	8.0000	-43.4855	-43.4855	3.0000	1.0000	2.4241	0.8794	1.7872	-22.7479	-32.6949	-21.2073	7.7395	15.2613	20.1148
04LF02	1	5	5.0000	-15.8293	-15.8293	3.0000	1.0000	3.7113	0.4770	1.2981	-31.9021	-19.4383	-25.3096	17.7617	18.1780	7.1759
04LF02	1	6	8.0000	-23.2388	-23.2388	3.0000	1.0000	1.7232	0.7855	1.1530	-32.6168	-23.2107	-20.8226	12.9931	21.1812	8.9413
04LF02	1	7	5.0000	-39.9879	-39.9879	2.0000	1.0000	2.0312	0.7943	1.1641	-31.7002	-25.7171	-19.2328	10.6281	21.5699	10.9175
04LF02	2	1	5.0000	-15.1527	-15.1527	2.0000	1.0000	2.3962	0.8989	0.9153	-18.5189	-27.7228	-30.4083	15.9224	7.5075	19.6857
04LF02	2	2	8.0000	-17.5192	-17.5192	2.0000	1.0000	1.6918	0.8475	0.6859	-18.8226	-31.1355	-26.6920	11.8064	9.8284	21.4807
04LF02	2	3	2.0000	-32.0690	-32.0690	3.0000	1.0000	2.7151	0.7890	1.1628	-18.6583	-27.1909	-30.8009	16.4561	7.3613	19.2982
04LF02	2	4	8.0000	-15.4495	-15.4495	3.0000	1.0000	2.2432	0.8351	0.8182	-29.4389	-18.3579	-28.8532	20.4313	14.7100	7.9743
04LF02	2	5	2.0000	-41.2322	NaN	NaN	NaN	NaN	NaN	NaN	-30.7008	-18.6178	-27.3315	19.4027	16.3171	7.3957
04LF02	2	6	2.0000	-38.1579	-38.1579	3.0000	1.0000	2.1010	0.8351	0.7939	-18.6532	-30.7887	-27.2081	12.3046	9.4327	21.3783
04LF02	2	7	2.0000	-15.5762	-15.5762	2.0000	1.0000	2.0792	0.9078	1.3485	-18.3501	-29.1136	-29.1863	14.4138	8.1156	20.5862
04LF02	3	1	5.0000	-30.1836	-30.1836	2.0000	1.0000	1.2497	0.8777	1.4123	-25.9495	-19.1245	-31.5760	21.5608	11.1234	10.4315
04LF02	3	2	2.0000	-23.7010	-21.4462	3.0000	0.0000	3.9242	0.4025	1.9377	-23.4015	-20.6729	-32.5755	21.2438	9.0752	12.7965
04LF02	3	3	2.0000	-42.7341	-42.7341	2.0000	1.0000	0.7584	0.3759	1.3028	-32.6980	-22.7239	-21.2281	13.5083	20.9940	8.6133
04LF02	3	4	5.0000	-27.1953	-27.1953	2.0000	1.0000	1.6687	0.8316	1.0427	-24.0971	-32.3836	-20.1694	7.3200	16.6395	19.1561
04LF02	3	5	8.0000	-38.2149	-33.3027	1.0000	0.0000	1.7311	0.3582	1.0305	-18.6659	-30.8188	-27.1653	12.2625	9.4648	21.3884
04LF02	3	6	8.0000	-16.6919	-16.6919	2.0000	1.0000	1.1988	0.8262	1.1463	-18.5482	-30.5037	-27.5981	12.6943	9.1469	21.2744
