ID	block	trial_n	dim_onset	angle_correct	angle_chosen	choice	acc	tResp_1	conf_rating	tResp_2	x1	x2	x3	y1	y2	y3
03LF03	1	1	2.0000	-37.5617	-37.5617	3.0000	1.0000	1.6651	0.7500	0.8518	-18.5369	-30.4679	-27.6453	12.7422	9.1131	21.2603
03LF03	1	2	2.0000	-41.5329	NaN	NaN	NaN	NaN	NaN	NaN	-27.0917	-30.8699	-18.6884	7.3389	19.2235	16.5533
03LF03	1	3	2.0000	-43.5589	-17.1888	1.0000	0.0000	2.4898	0.7429	1.0209	-23.8459	-32.4603	-20.3438	7.3764	16.3938	19.3454
03LF03	1	4	8.0000	-32.2816	-32.2816	2.0000	1.0000	1.7762	0.7057	0.7509	-27.3245	-30.7058	-18.6197	7.3940	19.3976	16.3241
03LF03	1	5	5.0000	-28.7346	-15.9965	2.0000	0.0000	2.4980	0.7252	0.7438	-19.5672	-25.0724	-32.0105	18.3776	7.1877	17.5503
03LF03	1	6	5.0000	-41.3492	-15.1453	2.0000	0.0000	3.4768	0.7518	0.7651	-18.6437	-27.2404	-30.7659	16.4073	7.3731	19.3352
03LF03	1	7	2.0000	-41.1178	-41.1178	3.0000	1.0000	2.1717	0.6950	0.7727	-27.4180	-30.6379	-18.5941	7.4184	19.4663	16.2309
03LF03	2	1	5.0000	-24.1811	-42.0733	1.0000	0.0000	3.8298	0.7270	1.1313	-23.5976	-20.5244	-32.5280	21.3021	9.2159	12.5976
03LF03	2	2	8.0000	-15.1441	-15.1441	2.0000	1.0000	2.0558	0.7074	0.7222	-18.5482	-27.5981	-30.5037	16.0494	7.4693	19.5969
03LF03	2	3	8.0000	-27.5463	NaN	NaN	NaN	NaN	NaN	NaN	-20.0222	-24.3185	-32.3092	18.9853	7.2780	16.8524
03LF03	2	4	2.0000	-15.2364	-15.2364	3.0000	1.0000	2.2583	0.6117	2.3531	-31.1752	-18.8454	-26.6295	18.8660	16.9964	7.2533
03LF03	2	5	8.0000	-26.5063	-41.2386	3.0000	0.0000	1.8195	0.7695	1.0749	-19.8912	-32.2347	-24.5241	9.9201	11.6971	21.4984
03LF03	2	6	2.0000	-43.0862	-43.0862	1.0000	1.0000	2.3922	0.7057	0.8860	-22.1523	-21.7515	-32.7463	20.7197	8.2554	14.1405
03LF03	2	7	8.0000	-15.1997	-15.1997	3.0000	1.0000	2.3344	0.7110	1.0437	-31.0661	-18.7845	-26.7995	18.9993	16.8352	7.2811
03LF03	3	1	5.0000	-17.9906	-43.5649	1.0000	0.0000	1.9857	0.6986	0.8758	-20.7926	-23.2484	-32.6090	19.7762	7.5496	15.7898
03LF03	3	2	8.0000	-40.6047	-40.6047	2.0000	1.0000	2.2287	0.7199	0.8328	-31.9752	-25.1513	-19.5236	11.1227	21.5608	10.4321
03LF03	3	3	2.0000	-35.1990	-35.1990	1.0000	1.0000	1.7936	0.7340	1.0179	-29.1849	-18.3501	-29.1150	20.5870	14.4123	8.1164
03LF03	3	4	5.0000	-35.8927	NaN	NaN	NaN	NaN	NaN	NaN	-18.3634	-29.5237	-28.7629	13.9326	8.3677	20.8153
03LF03	3	5	8.0000	-35.3931	-35.3931	1.0000	1.0000	2.4557	0.7376	1.4890	-29.0692	-18.3506	-29.2302	20.6532	14.2790	8.1835
03LF03	3	6	5.0000	-42.3487	-42.3487	1.0000	1.0000	1.9316	0.7092	0.6632	-18.9671	-26.3159	-31.3671	17.2882	7.2127	18.6147
03LF03	3	7	5.0000	-24.5634	-41.9428	1.0000	0.0000	1.7712	0.7376	0.7404	-23.7524	-20.4109	-32.4867	21.3439	9.3291	12.4427
