ID	block	trial_n	dim_onset	angle_correct	angle_chosen	choice	acc	tResp_1	conf_rating	tResp_2	x1	x2	x3	y1	y2	y3
01LF02	1	1	2.0000	-26.9407	NaN	NaN	NaN	NaN	NaN	NaN	-20.2797	-23.9369	-32.4334	19.2773	7.3549	16.4834
01LF02	1	2	2.0000	-43.5644	NaN	NaN	NaN	NaN	NaN	NaN	-23.2419	-32.6104	-20.7977	7.5518	15.7831	19.7807
01LF02	1	3	5.0000	-42.9528	-21.3006	1.0000	0.0000	2.1075	0.7021	0.8939	-21.5339	-32.7333	-22.3828	8.3960	13.8818	20.8378
01LF02	1	4	5.0000	-42.6056	-15.4439	3.0000	0.0000	5.0364	0.6755	0.6916	-31.5406	-19.0957	-26.0136	18.3659	17.5629	7.1868
01LF02	1	5	2.0000	-43.0211	-43.0211	1.0000	1.0000	2.3432	0.6684	0.6153	-22.2675	-21.6416	-32.7409	20.7801	8.3250	14.0105
01LF02	1	6	2.0000	-36.1112	-36.6039	2.0000	0.0000	1.9755	0.6667	0.7359	-29.9335	-28.3048	-18.4117	8.6601	21.0240	13.4315
01LF02	1	7	2.0000	-43.3881	-43.3881	1.0000	1.0000	2.1420	0.7004	0.8673	-19.8294	-24.6239	-32.1966	18.7440	7.2317	17.1400
01LF02	1	8	2.0000	-15.2078	NaN	NaN	NaN	NaN	NaN	NaN	-18.7989	-26.7582	-31.0929	16.8745	7.2740	18.9672
01LF02	1	9	2.0000	-20.4047	-23.6425	1.0000	0.0000	3.3705	0.3972	0.9416	-32.7499	-21.9802	-21.9199	14.3370	20.6246	8.1540
01LF02	2	1	8.0000	-32.0427	NaN	NaN	NaN	NaN	NaN	NaN	-30.8125	-18.6632	-27.1743	19.2857	16.4724	7.3575
01LF02	2	2	2.0000	-18.9053	-40.3518	1.0000	0.0000	2.6171	0.4096	0.7116	-25.3880	-19.3972	-31.8648	21.5701	10.6325	10.9131
01LF02	2	3	8.0000	-17.6186	-26.2602	1.0000	0.0000	1.5634	0.6543	0.8810	-32.5496	-20.5892	-23.5112	16.0589	19.5902	7.4666
01LF02	2	4	5.0000	-15.1401	-15.1401	3.0000	1.0000	2.3618	0.7004	0.5660	-30.6573	-18.6013	-27.3914	19.4469	16.2574	7.4113
01LF02	2	5	8.0000	-37.9023	-16.8641	1.0000	0.0000	2.1832	0.7110	0.9952	-30.6524	-27.3982	-18.5995	9.2919	21.3306	12.4931
01LF02	2	6	5.0000	-15.2597	NaN	NaN	NaN	NaN	NaN	NaN	-31.2320	-18.8793	-26.5387	18.7940	17.0815	7.2401
01LF02	2	7	8.0000	-29.6535	NaN	NaN	NaN	NaN	NaN	NaN	-31.6857	-25.7449	-19.2195	10.6044	21.5692	10.9419
01LF02	2	8	5.0000	-18.4094	-29.8775	2.0000	0.0000	1.8793	0.6560	0.6155	-25.8313	-19.1787	-31.6400	21.5664	11.0182	10.5310
01LF02	2	9	8.0000	-28.0990	NaN	NaN	NaN	NaN	NaN	NaN	-32.1792	-19.8023	-24.6685	17.1814	18.7082	7.2260
01LF02	2	10	8.0000	-43.1368	-43.1368	3.0000	1.0000	2.3762	0.6649	0.4347	-21.8424	-32.7489	-22.0587	8.1999	14.2470	20.6688
01LF02	3	1	5.0000	-29.9553	NaN	NaN	NaN	NaN	NaN	NaN	-31.6239	-25.8613	-19.1648	10.5056	21.5651	11.0449
01LF02	3	2	8.0000	-25.6199	NaN	NaN	NaN	NaN	NaN	NaN	-32.6356	-20.9001	-23.1144	15.6503	19.8690	7.5964
01LF02	3	3	8.0000	-30.2677	-30.2677	1.0000	1.0000	1.9749	0.5957	0.6198	-19.1099	-31.5582	-25.9820	11.1525	10.4043	21.5589
01LF02	3	4	2.0000	-29.1198	-43.0767	1.0000	0.0000	2.9649	0.6312	0.6637	-19.4340	-25.3177	-31.8983	18.1712	7.1756	17.7688
01LF02	3	5	5.0000	-16.1001	-16.1001	3.0000	1.0000	1.5860	0.5957	0.6920	-28.3543	-18.4049	-29.8909	21.0033	13.4847	8.6276
01LF02	3	6	8.0000	-33.9024	NaN	NaN	NaN	NaN	NaN	NaN	-18.5980	-30.6484	-27.4036	12.4985	9.2880	21.3292
01LF02	3	7	5.0000	-42.9161	NaN	NaN	NaN	NaN	NaN	NaN	-25.5835	-31.7686	-19.2979	7.1720	18.0008	17.9428
01LF02	3	8	8.0000	-15.3059	NaN	NaN	NaN	NaN	NaN	NaN	-18.9407	-26.3813	-31.3281	17.2279	7.2200	18.6677
01LF02	3	9	8.0000	-43.4621	-18.9526	3.0000	0.0000	2.9923	0.4734	0.7191	-32.7067	-21.2886	-22.6547	15.1606	20.1754	7.7797
