ID	block	trial_n	dim_onset	angle_correct	angle_chosen	choice	acc	tResp_1	conf_rating	tResp_2	x1	x2	x3	y1	y2	y3
01CS02	1	1	2.0000	-23.2959	-23.2959	2.0000	1.0000	2.4118	0.7181	2.1716	-21.7166	-32.7448	-22.1886	8.2772	14.0994	20.7390
01CS02	1	2	5.0000	-36.3292	-36.5387	2.0000	0.0000	1.8407	0.7624	1.8702	-28.4849	-18.3887	-29.7764	20.9466	13.6262	8.5429
01CS02	1	3	2.0000	-18.7930	-18.7930	3.0000	1.0000	2.2908	0.7376	1.8704	-25.4865	-19.3466	-31.8169	21.5716	10.7170	10.8270
01CS02	1	4	5.0000	-33.3510	-33.3510	1.0000	1.0000	2.4556	0.7305	1.4056	-18.6602	-30.8054	-27.1844	12.2812	9.4505	21.3839
01CS02	1	5	8.0000	-43.4881	-43.4881	3.0000	1.0000	1.9413	0.7837	1.3827	-24.2731	-32.3250	-20.0519	7.2860	16.8089	19.0207
01CS02	1	6	8.0000	-33.7293	-33.7293	2.0000	1.0000	1.7103	0.7819	1.1349	-27.3346	-18.6169	-30.6985	21.3472	12.4297	9.3387
01CS02	2	1	8.0000	-19.8763	-41.1858	1.0000	0.0000	1.6902	0.7553	1.0546	-24.5784	-19.8575	-32.2142	21.5060	9.9633	11.6463
01CS02	2	2	5.0000	-25.0537	-25.0537	2.0000	1.0000	2.3556	0.6436	2.8561	-22.7670	-32.6922	-21.1907	7.7315	15.2820	20.1022
01CS02	2	3	2.0000	-20.6480	-25.1340	2.0000	0.0000	2.3715	0.7642	1.3068	-23.9813	-20.2487	-32.4199	21.3989	9.4999	12.2168
01CS02	2	4	5.0000	-42.7482	-42.7482	3.0000	1.0000	3.2052	0.7465	1.3229	-21.2464	-32.7007	-22.7029	8.5996	13.5310	20.9850
01CS02	2	5	8.0000	-36.3220	-36.3220	1.0000	1.0000	2.5667	0.7216	1.2950	-28.4895	-18.3882	-29.7723	20.9445	13.6313	8.5399
01CS02	2	6	2.0000	-19.8543	NaN	NaN	NaN	NaN	NaN	NaN	-32.2074	-24.5959	-19.8466	11.6299	21.5084	9.9774
01CS02	2	7	2.0000	-35.7696	-37.3648	3.0000	0.0000	1.9201	0.7092	1.3248	-29.4518	-28.8395	-18.3587	8.3207	20.7765	14.0184
01CS02	3	1	2.0000	-15.1768	-41.7167	1.0000	0.0000	1.9622	0.7784	1.5488	-18.7386	-26.9349	-30.9765	16.7053	7.3063	19.1040
01CS02	3	2	8.0000	-15.5697	-38.1764	1.0000	0.0000	2.9290	0.7376	1.3994	-18.3502	-29.1013	-29.1985	14.4280	8.1086	20.5790
01CS02	3	3	5.0000	-43.4482	-24.7860	2.0000	0.0000	2.5697	0.7199	2.8923	-22.6042	-32.7125	-21.3333	7.8021	15.1056	20.2079
01CS02	3	4	5.0000	-35.9990	-35.9990	1.0000	1.0000	4.0359	0.7677	0.9425	-28.6961	-18.3683	-29.5856	20.8482	13.8583	8.4092
01CS02	3	5	2.0000	-21.8525	-21.8525	2.0000	1.0000	2.1730	0.7713	2.0057	-20.8955	-32.6345	-23.1200	8.8786	13.0876	21.1494
01CS02	3	6	8.0000	-26.2311	-43.5756	2.0000	0.0000	1.7388	0.7819	2.0396	-32.5540	-20.6030	-23.4931	16.0405	19.6032	7.4719
