ID	block	trial_n	dim_onset	angle_correct	angle_chosen	choice	acc	tResp_1	conf_rating	tResp_2	x1	x2	x3	y1	y2	y3
03AL01	1	1	2.0000	-29.5149	-29.5149	3.0000	1.0000	2.5317	0.9096	2.1802	-31.7135	-25.6913	-19.2452	10.6502	21.5705	10.8950
03AL01	1	2	2.0000	-42.7259	-42.7259	3.0000	1.0000	2.0325	0.9060	1.3463	-21.2177	-32.6964	-22.7359	8.6212	13.4953	20.9992
03AL01	1	3	5.0000	-16.6318	-16.6318	3.0000	1.0000	1.9318	0.9255	1.1126	-32.2991	-20.0035	-24.3475	16.8799	18.9627	7.2730
03AL01	1	4	5.0000	-43.5150	-43.5150	2.0000	1.0000	2.1367	0.9060	1.2693	-32.6750	-21.0900	-22.8850	15.4083	20.0241	7.6832
03AL01	1	5	5.0000	-24.4884	-41.9687	3.0000	0.0000	1.8647	0.8652	1.2797	-20.4329	-32.4950	-23.7221	9.3068	12.4728	21.3360
03AL01	1	6	2.0000	-31.4320	NaN	NaN	NaN	NaN	NaN	NaN	-18.7883	-26.7886	-31.0731	16.8455	7.2792	18.9909
03AL01	1	7	2.0000	-28.7781	-18.8837	1.0000	0.0000	2.5166	0.4433	1.8618	-31.8557	-25.4069	-19.3874	10.8965	21.5705	10.6487
03AL01	2	1	2.0000	-24.7866	NaN	NaN	NaN	NaN	NaN	NaN	-22.6045	-32.7125	-21.3330	7.8019	15.1060	20.2077
03AL01	2	2	2.0000	-34.6629	-34.6629	3.0000	1.0000	2.1470	0.7553	1.7642	-18.3614	-28.7937	-29.4949	14.7767	7.9439	20.3950
03AL01	2	3	8.0000	-15.2591	NaN	NaN	NaN	NaN	NaN	NaN	-18.4098	-28.3179	-29.9222	15.2981	7.7252	20.0923
03AL01	2	4	2.0000	-33.8313	-39.7791	2.0000	0.0000	2.3249	0.8865	1.1700	-29.9483	-18.4141	-28.2876	20.0723	15.3307	7.7126
03AL01	2	5	5.0000	-20.9983	NaN	NaN	NaN	NaN	NaN	NaN	-32.4950	-23.7224	-20.4326	12.4725	21.3361	9.3070
03AL01	2	6	8.0000	-21.1540	-21.1540	2.0000	1.0000	2.6469	0.7961	0.9814	-20.5155	-32.5249	-23.6096	9.2246	12.5855	21.3055
03AL01	2	7	2.0000	-38.5215	-38.5215	3.0000	1.0000	2.2813	0.8759	1.1968	-18.7399	-30.9792	-26.9308	12.0345	9.6429	21.4382
03AL01	2	8	8.0000	-38.7901	-38.7901	2.0000	1.0000	2.0004	0.8918	1.1608	-31.1173	-26.7203	-18.8124	9.8062	21.4761	11.8333
03AL01	2	9	5.0000	-35.2157	-37.1511	1.0000	0.0000	1.8811	0.8936	1.1469	-27.9342	-18.4743	-30.2415	21.1657	13.0398	8.9102
03AL01	3	1	5.0000	-37.0841	-37.0841	3.0000	1.0000	1.9775	0.9007	1.1676	-18.4654	-30.2041	-27.9805	13.0880	8.8783	21.1492
03AL01	3	2	8.0000	-17.0835	-17.0835	1.0000	1.0000	1.6782	1.0000	1.2171	-23.9341	-32.4343	-20.2816	7.3555	16.4806	19.2794
03AL01	3	3	5.0000	-35.8962	-35.8962	1.0000	1.0000	1.8812	1.0000	0.8969	-28.7607	-18.3636	-29.5257	20.8164	13.9302	8.3691
03AL01	3	4	8.0000	-22.6257	-22.6257	1.0000	1.0000	1.9177	1.0000	0.9939	-32.7121	-22.6080	-21.3299	13.6339	20.9434	8.5383
03AL01	3	5	8.0000	-38.4004	-38.4004	3.0000	1.0000	2.0249	1.0000	1.1031	-28.9982	-29.2997	-18.3521	8.0513	20.5184	14.5459
03AL01	3	6	8.0000	-37.2196	-37.2196	1.0000	1.0000	1.7812	1.0000	0.8966	-27.8867	-18.4838	-30.2796	21.1822	12.9903	8.9431
