ID	block	trial_n	dim_onset	angle_correct	angle_chosen	choice	acc	tResp_1	conf_rating	tResp_2	x1	x2	x3	y1	y2	y3
01CS03	1	1	2.0000	-43.5624	-43.5624	3.0000	1.0000	2.3374	0.7199	1.3635	-23.8093	-32.4708	-20.3699	7.3855	16.3576	19.3726
01CS03	1	2	2.0000	-26.6846	-41.1707	3.0000	0.0000	2.7538	0.7074	1.2074	-19.8479	-32.2082	-24.5939	9.9758	11.6318	21.5081
01CS03	1	3	5.0000	-15.1554	-40.6460	3.0000	0.0000	2.9851	0.7287	0.9928	-27.7515	-30.3860	-18.5125	7.5167	19.7060	15.8930
01CS03	1	4	2.0000	-16.2432	-16.2432	1.0000	1.0000	1.0922	0.7376	1.4853	-30.0569	-28.1592	-18.4339	8.7569	21.0825	13.2762
01CS03	1	5	8.0000	-30.7031	NaN	NaN	NaN	NaN	NaN	NaN	-18.9629	-26.3262	-31.3610	17.2787	7.2138	18.6231
01CS03	1	6	8.0000	-16.8988	-37.9558	1.0000	0.0000	2.3121	0.7535	0.8125	-27.3587	-18.6102	-30.6811	21.3410	12.4537	9.3209
01CS03	1	7	8.0000	-16.9127	-27.1733	3.0000	0.0000	3.0591	0.7305	1.9199	-20.1788	-24.0832	-32.3880	19.1666	7.3229	16.6261
01CS03	2	1	5.0000	-43.1555	-28.8890	2.0000	0.0000	2.5897	0.6986	1.1218	-25.1707	-31.9664	-19.5129	7.1819	17.6384	18.2953
01CS03	2	2	5.0000	-43.5179	-25.2709	1.0000	0.0000	2.3276	0.7021	1.3006	-32.6727	-21.0775	-22.8998	15.4240	20.0142	7.6774
01CS03	2	3	2.0000	-15.2926	-15.2926	1.0000	1.0000	1.3864	0.6986	1.3414	-26.4241	-31.3022	-18.9237	7.2251	18.7022	17.1883
01CS03	2	4	2.0000	-37.7830	-37.7830	1.0000	1.0000	2.3845	0.7394	1.2271	-18.3515	-29.2755	-29.0231	14.2261	8.2106	20.6788
01CS03	2	5	5.0000	-15.5379	-42.7592	1.0000	0.0000	2.0393	0.6897	1.1891	-19.1878	-25.8119	-31.6503	17.7427	7.1766	18.1963
01CS03	2	6	8.0000	-36.1985	-36.1985	1.0000	1.0000	1.8318	0.7358	1.1295	-18.4066	-29.9020	-28.3414	13.4709	8.6360	21.0087
01CS03	3	1	5.0000	-15.1544	-32.9478	2.0000	0.0000	2.9597	0.7606	1.5689	-27.7412	-30.3940	-18.5148	7.5134	19.6988	15.9034
01CS03	3	2	8.0000	-17.4221	-38.6992	3.0000	0.0000	2.1130	0.6259	1.5486	-18.7871	-31.0709	-26.7921	11.9015	9.7502	21.4639
01CS03	3	3	8.0000	-43.3435	-19.6337	2.0000	0.0000	1.9784	0.7004	1.1831	-21.6201	-22.2904	-32.7396	20.4047	7.9520	14.7589
01CS03	3	4	2.0000	-43.5230	NaN	NaN	NaN	NaN	NaN	NaN	-32.3818	-20.1656	-24.1026	16.6449	19.1519	7.3189
01CS03	3	5	8.0000	-43.3550	-24.3160	2.0000	0.0000	2.9559	0.7305	1.2556	-22.3205	-32.7377	-21.5918	7.9368	14.7926	20.3862
01CS03	3	6	5.0000	-43.3621	-28.1457	1.0000	0.0000	1.4228	0.7411	1.4555	-32.1675	-19.7844	-24.6981	17.2088	18.6843	7.2224
01CS03	3	7	2.0000	-24.0023	-19.9510	2.0000	0.0000	2.4003	0.7163	1.2112	-21.7700	-22.1331	-32.7469	20.4998	8.0343	14.5815
