ID	block	trial_n	dim_onset	angle_correct	angle_chosen	choice	acc	tResp_1	conf_rating	tResp_2	x1	x2	x3	y1	y2	y3
07CS03	1	1	5.0000	-41.5636	-41.5636	3.0000	1.0000	3.5521	0.4060	0.8807	-20.1138	-32.3566	-24.1796	9.6509	12.0244	21.4403
07CS03	1	2	5.0000	-31.9064	-15.1574	3.0000	0.0000	2.9228	0.3333	0.8206	-30.8722	-18.6894	-27.0884	19.2210	16.5565	7.3381
07CS03	1	3	5.0000	-17.6845	-17.6845	3.0000	1.0000	0.9773	0.8156	1.3666	-26.5247	-18.8846	-31.2406	21.5056	11.6492	9.9609
07CS03	1	4	8.0000	-21.7435	-22.6748	2.0000	0.0000	1.1523	0.3333	1.0083	-21.3579	-32.7155	-22.5766	8.5181	13.6683	20.9292
07CS03	1	5	8.0000	-31.2736	-15.2227	3.0000	0.0000	1.1838	0.3599	0.7728	-31.1378	-18.8239	-26.6883	18.9124	16.9408	7.2624
07CS03	1	6	2.0000	-18.1894	-18.1894	3.0000	1.0000	1.1848	0.5355	0.7433	-32.6352	-20.8983	-23.1165	15.6525	19.8675	7.5956
07CS03	2	1	2.0000	-15.6952	-15.6952	2.0000	1.0000	0.7707	0.7589	0.9572	-18.3528	-29.3232	-28.9740	14.1703	8.2397	20.7056
07CS03	2	2	5.0000	-16.3181	-16.3181	3.0000	1.0000	1.1702	0.3741	1.9088	-28.0607	-18.4507	-30.1386	21.1199	13.1722	8.8235
07CS03	2	3	8.0000	-36.7511	-36.7511	2.0000	1.0000	1.2023	0.3511	0.9424	-28.5751	-18.3791	-29.6957	20.9055	13.7249	8.4852
07CS03	2	4	2.0000	-33.5439	-16.9859	3.0000	0.0000	1.1348	0.6897	0.7936	-27.2608	-18.6378	-30.7514	21.3657	12.3566	9.3934
07CS03	2	5	8.0000	-16.1064	-16.1064	2.0000	1.0000	1.2779	0.5621	0.9670	-18.4061	-29.8986	-28.3454	13.4751	8.6334	21.0071
07CS03	2	6	2.0000	-38.4268	-17.2212	1.0000	0.0000	1.0086	0.3333	0.7528	-30.9300	-27.0038	-18.7161	9.5870	21.4236	12.1051
07CS03	3	1	2.0000	-19.6048	-19.6048	3.0000	1.0000	1.0723	0.4362	1.1557	-24.7977	-19.7249	-32.1274	21.5325	10.1401	11.4431
07CS03	3	2	5.0000	-21.5666	-22.7957	2.0000	0.0000	0.7980	0.3918	1.2460	-21.4271	-32.7233	-22.4995	8.4692	13.7527	20.8937
07CS03	3	3	2.0000	-42.9960	-42.9960	3.0000	1.0000	1.3109	0.4521	1.1166	-25.4561	-31.8318	-19.3621	7.1725	17.8902	18.0529
07CS03	3	4	5.0000	-35.5508	-35.5508	2.0000	1.0000	0.9240	0.3333	0.8208	-29.3233	-28.9739	-18.3528	8.2398	20.7057	14.1701
07CS03	3	5	8.0000	-32.8841	-17.2247	3.0000	0.0000	1.1068	0.3777	1.0714	-27.0001	-18.7173	-30.9326	21.4243	12.1014	9.5898
07CS03	3	6	8.0000	-22.5172	-22.5172	3.0000	1.0000	0.9770	0.7979	0.9848	-32.6714	-22.9082	-21.0704	13.3109	21.0697	8.7351
